Diablo
0
A*?
map1
2528.627353645701
867.8399976316832
B*?
backgrund
false
100
false
false
false
C*?
gras
600
300
0
false
D*?

5
E*?
images/ground1.jpg
F*?
-4
-1
600
300
0
false
F*?
596
-1
600
300
0
false
F*?
596
-1
600
300
0
false
F*?
1196
0
600
300
0
false
F*?
1196
0
600
300
0
false
F*?
1795
0
600
300
0
false
F*?
1793
299
600
300
0
false
F*?
1203
298
600
300
0
false
F*?
614
299
600
300
0
false
F*?
18.252650333323345
298.6748797797826
600
300
0
false
F*?
-579.375454388091
298.48468063008477
600
300
0
false
F*?
-603
-1
600
300
0
false
F*?
-603
-1
600
300
0
false
F*?
-578
597
600
300
0
false
F*?
19.309560902429098
597.5366683976688
600
300
0
false
F*?
615
599
600
300
0
false
F*?
1205
598
600
300
0
false
F*?
1205
598
600
300
0
false
F*?
1805
599
600
300
0
false
F*?
-533.6415094339624
896.9433962264152
600
300
0
false
F*?
32.64289423576247
887.5366683976688
600
300
0
false
F*?
621
899
600
300
0
false
F*?
621
899
600
300
0
false
F*?
1214
896
600
300
0
false
F*?
1813
899
600
300
0
false
F*?
-1150.1431099302283
604.1956973120169
600
300
0
false
F*?
-1122.4508022379207
867.2726203889399
600
300
0
false
F*?
-1119.3738791609976
318.04185115817074
600
300
0
false
F*?
-1117.8354176225362
33.4264665427861
600
300
0
false
F*?
-1116.2969560840745
-166.5735334572139
600
300
0
false
F*?
-679.3738791609976
-285.03507191875235
600
300
0
false
F*?
-137.8354176225373
-300.4196873033677
600
300
0
false
F*?
402.1645823774612
-297.3427642264446
600
300
0
false
F*?
979.0876593005387
-288.11199499567545
600
300
0
false
F*?
1429.8568900697694
-285.03507191875235
600
300
0
false
F*?
1974.4722746851544
-281.95814884182926
600
300
0
false
F*?
2472.933813146693
-280.4196873033677
600
300
0
false
F*?
2391.3953516082315
-8.111994995675417
600
300
0
false
F*?
2382.1645823774625
279.5803126966323
600
300
0
false
F*?
2374.472274685155
541.1187742350938
600
300
0
false
F*?
2377.5491977620777
828.8110819274018
600
300
0
false
F*?
2382.1645823774625
1016.5033896197097
600
300
0
false
F*?
1769.85689006977
1088.811081927402
600
300
0
false
F*?
2286.7799669928468
1165.734158850479
600
300
0
false
F*?
2396.010736223616
1302.6572357735558
600
300
0
false
F*?
1888.3184285313077
1307.2726203889404
600
300
0
false
F*?
1305.2415054543849
1150.3495434658635
600
300
0
false
F*?
726.7799669928459
1151.8880050043251
600
300
0
false
F*?
214.47227468515416
1158.041851158171
600
300
0
false
F*?
-180.91234069945972
1159.5803126966327
600
300
0
false
F*?
-657.8354176225359
1162.6572357735558
600
300
0
false
F*?
-1139.373879161
1168.811081927402
600
300
0
false
F*?
-1140.9123406994615
1138.041851158171
600
300
0
false
F*?
-1134.7584945456153
1467.2726203889408
600
300
0
false
F*?
-651.6815714686898
1454.9649280812484
600
300
0
false
F*?
-211.68157146869044
1454.9649280812484
600
300
0
false
F*?
182.164582377462
1454.9649280812484
600
300
0
false
F*?
642.1645823774611
1447.2726203889408
600
300
0
false
F*?
1119.0876593005385
1448.8110819274025
600
300
0
false
F*?
1500.6261208390001
1441.1187742350946
600
300
0
false
F*?
1896.0107362236158
1467.2726203889408
600
300
0
false
F*?
2589.85689006977
1485.7341588504792
600
300
0
false
F*?
2325.2415054543853
1474.9649280812478
600
300
0
false
F*?
-1135.0661868533077
1759.8110819274016
600
300
0
false
F*?
-618.0661868533077
1751.8110819274016
600
300
0
false
F*?
-76.06618685330773
1752.8110819274016
600
300
0
false
F*?
387.9338131466923
1752.8110819274016
600
300
0
false
F*?
495.9338131466923
1741.8110819274016
600
300
0
false
F*?
920.9338131466923
1740.8110819274016
600
300
0
false
F*?
1423.9338131466923
1734.8110819274016
600
300
0
false
F*?
1937.933813146692
1738.8110819274016
600
300
0
false
F*?
2429.9338131466925
1742.8110819274016
600
300
0
false
F*?
2482.933813146692
-534.1889180725984
600
300
0
false
F*?
2485.933813146692
-824.1889180725984
600
300
0
false
F*?
1918.933813146692
-539.1889180725984
600
300
0
false
F*?
1368.9338131466923
-544.1889180725984
600
300
0
false
F*?
844.9338131466923
-548.1889180725984
600
300
0
false
F*?
263.9338131466923
-555.1889180725984
600
300
0
false
F*?
-231.0661868533076
-560.1889180725984
600
300
0
false
F*?
-646.0661868533077
-560.1889180725984
600
300
0
false
F*?
-1108.0661868533077
-450.1889180725984
600
300
0
false
F*?
-1101.0661868533077
-568.1889180725984
600
300
0
false
F*?
-1106.0661868533077
-823.1889180725984
600
300
0
false
F*?
-520.0661868533077
-826.1889180725984
600
300
0
false
F*?
32.30769230769272
-827.5384615384603
600
300
0
false
F*?
520.7692307692305
-827.5384615384603
600
300
0
false
F*?
1057.9338131466923
-827.1889180725984
600
300
0
false
F*?
1569.9338131466923
-827.1889180725984
600
300
0
false
F*?
1569.9338131466923
-827.1889180725984
600
300
0
false
F*?
1937.933813146692
-827.1889180725984
600
300
0
false
F*?
-1109.9999999999986
-1119.8461538461524
600
300
0
false
F*?
-519.6153846153832
-1114.0769230769217
600
300
0
false
F*?
78.46153846154084
-1108.307692307691
600
300
0
false
F*?
595.7692307692325
-1100.6153846153834
600
300
0
false
F*?
1191.9230769230771
-1106.384615384614
600
300
0
false
F*?
1747.6923076923072
-1110.230769230768
600
300
0
false
F*?
2297.6923076923076
-1100.6153846153834
600
300
0
false
F*?
2563.076923076923
-1125.6153846153834
600
300
0
false
F*?
2559.230769230769
-1077.53846153846
600
300
0
false
F*?
2564.9999999999995
-1398.6923076923058
600
300
0
false
F*?
2143.8461538461534
-1400.615384615383
600
300
0
false
F*?
1555.3846153846152
-1394.846153846152
600
300
0
false
F*?
1030.384615384616
-1392.923076923075
600
300
0
false
F*?
441.92307692307804
-1392.923076923075
600
300
0
false
F*?
-79.23076923076724
-1402.5384615384596
600
300
0
false
F*?
-575.3846153846152
-1404.4615384615367
600
300
0
false
F*?
-1115.7692307692305
-1410.2307692307675
600
300
0
false
F*?
-1115.7692307692305
-1702.5384615384592
600
300
0
false
F*?
-527.3076923076901
-1698.6923076923053
600
300
0
false
F*?
68.84615384615518
-1685.2307692307668
600
300
0
false
F*?
659.2307692307695
-1683.30769230769
600
300
0
false
F*?
1241.9230769230765
-1689.0769230769206
600
300
0
false
F*?
1774.6153846153843
-1685.2307692307668
600
300
0
false
F*?
2339.9999999999995
-1687.153846153844
600
300
0
false
F*?
2666.923076923076
-1681.384615384613
600
300
0
false
F*?
2674.615384615384
-1964.0769230769229
600
300
0
false
F*?
2151.538461538461
-1966
600
300
0
false
F*?
1614.9999999999998
-1958.3076923076924
600
300
0
false
F*?
1124.6153846153848
-1958.3076923076924
600
300
0
false
F*?
605.3846153846162
-1966
600
300
0
false
F*?
134.23076923077065
-1971.7692307692307
600
300
0
false
F*?
-267.6923076923058
-1971.7692307692307
600
300
0
false
F*?
-835.0000000000005
-1971.7692307692307
600
300
0
false
F*?
-1221.538461538464
-1971.7692307692307
600
300
0
false
F*?
-1225.3846153846177
-2250.615384615386
600
300
0
false
F*?
-794.6153846153845
-2250.615384615386
600
300
0
false
F*?
-271.53846153845916
-2250.615384615386
600
300
0
false
F*?
251.5384615384628
-2250.615384615386
600
300
0
false
F*?
774.615384615385
-2250.615384615386
600
300
0
false
F*?
1328.461538461538
-2250.615384615386
600
300
0
false
F*?
1820.7692307692305
-2250.615384615386
600
300
0
false
F*?
1820.7692307692305
-2250.615384615386
600
300
0
false
F*?
2251.538461538461
-2250.615384615386
600
300
0
false
F*?
2620.7692307692296
-2250.615384615386
600
300
0
false
F*?
2743.8461538461524
-2250.615384615386
600
300
0
false
F*?
2743.8461538461524
-2542.9230769230803
600
300
0
false
F*?
2343.8461538461534
-2542.9230769230803
600
300
0
false
F*?
1882.307692307692
-2542.9230769230803
600
300
0
false
F*?
1482.307692307692
-2542.9230769230803
600
300
0
false
F*?
1020.7692307692307
-2542.9230769230803
600
300
0
false
F*?
590.0000000000007
-2542.9230769230803
600
300
0
false
F*?
190.00000000000136
-2542.9230769230803
600
300
0
false
F*?
-271.53846153845916
-2542.9230769230803
600
300
0
false
F*?
-733.0769230769226
-2542.9230769230803
600
300
0
false
F*?
-733.0769230769226
-2542.9230769230803
600
300
0
false
F*?
-1163.8461538461559
-2542.9230769230803
600
300
0
false
F*?
-1225.3846153846177
-2542.9230769230803
600
300
0
false
F*?
-1379.2307692307725
-2542.9230769230803
600
300
0
false
F*?
-1705.6273536457002
-1377.8399976316841
600
300
0
false
F*?
-2303.6273536457
-1377.8399976316841
600
300
0
false
F*?
-1705.6273536457002
-1078.839997631684
600
300
0
false
F*?
-2301.6273536457
-1077.839997631684
600
300
0
false
F*?
-1703.6273536457002
-782.8399976316839
600
300
0
false
F*?
-2301.6273536457
-782.8399976316839
600
300
0
false
F*?
-1698.6273536457002
-525.8399976316839
600
300
0
false
F*?
-1699.6273536457002
-483.8399976316839
600
300
0
false
F*?
-2299.6273536457
-486.8399976316839
600
300
0
false
F*?
-1703.6273536457002
-183.8399976316839
600
300
0
false
F*?
-2299.6273536457
-188.8399976316839
600
300
0
false
F*?
-1702.6273536457002
111.1600023683161
600
300
0
false
F*?
-2300.6273536457
109.1600023683161
600
300
0
false
F*?
-1711.6273536456997
406.1600023683161
600
300
0
false
F*?
-2307.6273536456997
407.1600023683161
600
300
0
false
F*?
-1719.6273536457002
701.1600023683161
600
300
0
false
F*?
-2312.6273536456997
702.1600023683161
600
300
0
false
F*?
-1714.6273536457002
999.1600023683161
600
300
0
false
F*?
-2311.6273536457
999.1600023683161
600
300
0
false
F*?
-1708.6273536456997
1296.160002368316
600
300
0
false
F*?
-2308.6273536457
1294.160002368316
600
300
0
false
F*?
-1728.6273536457002
1590.160002368316
600
300
0
false
F*?
-2325.6273536457
1588.160002368316
600
300
0
false
F*?
-1728.6273536457006
1886.160002368316
600
300
0
false
F*?
-2327.6273536457
1884.160002368316
600
300
0
false
F*?
2980.3726463543
1190.160002368316
600
300
0
false
F*?
3580.3726463543
1189.160002368316
600
300
0
false
F*?
2982.3726463543
1488.160002368316
600
300
0
false
F*?
3581.3726463543
1485.160002368316
600
300
0
false
F*?
2985.3726463543
1777.160002368316
600
300
0
false
F*?
3585.3726463543
1778.160002368316
600
300
0
false
F*?
2977.3726463543
895.1600023683161
600
300
0
false
F*?
3574.3726463543
896.1600023683161
600
300
0
false
F*?
2974.3726463543
597.1600023683161
600
300
0
false
F*?
3574.3726463543
597.1600023683161
600
300
0
false
F*?
2981.3726463543
298.1600023683161
600
300
0
false
F*?
3579.3726463543
298.1600023683161
600
300
0
false
F*?
2986.3726463543
7.1600023683161
600
300
0
false
F*?
3585.3726463543
8.1600023683161
600
300
0
false
F*?
3070.3726463543
-290.8399976316839
600
300
0
false
F*?
3665.3726463543
-291.8399976316839
600
300
0
false
F*?
3078.3726463543
-574.8399976316839
600
300
0
false
F*?
3671.3726463543
-590.8399976316839
600
300
0
false
F*?
3074.3726463543
-869.8399976316837
600
300
0
false
F*?
3672.3726463543
-887.8399976316837
600
300
0
false
F*?
3160.3726463543
-1162.8399976316841
600
300
0
false
F*?
3725.3726463543
-1180.8399976316841
600
300
0
false
F*?
3151.3726463543
-1458.8399976316841
600
300
0
false
F*?
3732.3726463543
-1479.8399976316841
600
300
0
false
F*?
3217.3726463543
-1752.8399976316841
600
300
0
false
F*?
3744.3726463543
-1755.8399976316841
600
300
0
false
F*?
3254.3726463543
-2041.8399976316841
600
300
0
false
F*?
3747.3726463543
-2040.8399976316841
600
300
0
false
F*?
3328.3726463543
-2334.839997631684
600
300
0
false
F*?
3751.3726463543
-2324.839997631684
600
300
0
false
F*?
3312.3726463543
-2545.839997631684
600
300
0
false
F*?
3769.3726463543
-2545.839997631684
600
300
0
false
F*?
-1701.6273536457002
-1675.8399976316841
600
300
0
false
F*?
-2292.6273536457
-1675.8399976316841
600
300
0
false
F*?
-1819.6273536457002
-1969.8399976316841
600
300
0
false
F*?
-2360.6273536457
-1968.8399976316841
600
300
0
false
F*?
-1798.6273536457002
-2258.839997631684
600
300
0
false
F*?
-2395.6273536457
-2265.839997631684
600
300
0
false
F*?
-1975.6273536457002
-2543.839997631684
600
300
0
false
F*?
-2568.6273536457
-2552.839997631684
600
300
0
false
F*?
-2891.6273536457
-1676.8399976316841
600
300
0
false
F*?
-2950.6273536457
-1968.8399976316841
600
300
0
false
F*?
-2986.6273536457
-2262.839997631684
600
300
0
false
F*?
-3160.6273536457
-2556.839997631684
600
300
0
false
F*?
-2890.6273536457
-1385.8399976316841
600
300
0
false
F*?
-2890.6273536457
-1096.8399976316841
600
300
0
false
F*?
-2890.6273536457
-808.8399976316841
600
300
0
false
F*?
-2890.6273536457
-552.8399976316841
600
300
0
false
F*?
-2890.6273536457
-376.8399976316841
600
300
0
false
F*?
-2890.6273536457
-168.83999763168413
600
300
0
false
F*?
-2890.6273536457
55.16000236831587
600
300
0
false
F*?
-2890.6273536457
247.16000236831587
600
300
0
false
F*?
-2890.6273536457
455.1600023683159
600
300
0
false
F*?
-2890.6273536457
711.1600023683159
600
300
0
false
F*?
-2890.6273536457
935.1600023683159
600
300
0
false
F*?
-2890.6273536457
1095.1600023683159
600
300
0
false
F*?
-2890.6273536457
1239.1600023683159
600
300
0
false
F*?
-2890.6273536457
1431.1600023683159
600
300
0
false
F*?
-2890.6273536457
1607.1600023683159
600
300
0
false
F*?
-2890.6273536457
1751.1600023683159
600
300
0
false
F*?
-2890.6273536457
1895.1600023683159
600
300
0
false
F*?
4179.3726463543
1778.1600023683159
600
300
0
false
F*?
4179.3726463543
1554.1600023683159
600
300
0
false
F*?
4179.3726463543
1394.1600023683159
600
300
0
false
F*?
4179.3726463543
1170.1600023683159
600
300
0
false
F*?
4169.3726463543
1005.1600023683159
600
300
0
false
F*?
4169.3726463543
829.1600023683159
600
300
0
false
F*?
4169.3726463543
621.1600023683159
600
300
0
false
F*?
4169.3726463543
445.1600023683159
600
300
0
false
F*?
4169.3726463543
221.16000236831587
600
300
0
false
F*?
4169.3726463543
29.160002368315872
600
300
0
false
F*?
4169.3726463543
-114.83999763168413
600
300
0
false
F*?
4169.3726463543
-354.8399976316839
600
300
0
false
F*?
4169.3726463543
-594.8399976316841
600
300
0
false
F*?
4169.3726463543
-786.8399976316841
600
300
0
false
F*?
4169.3726463543
-1010.8399976316841
600
300
0
false
F*?
4169.3726463543
-1218.8399976316841
600
300
0
false
F*?
4169.3726463543
-1458.8399976316841
600
300
0
false
F*?
4169.3726463543
-1698.8399976316841
600
300
0
false
F*?
4169.3726463543
-1922.8399976316841
600
300
0
false
F*?
4169.3726463543
-2130.839997631684
600
300
0
false
F*?
4169.3726463543
-2338.839997631684
600
300
0
false
F*?
4169.3726463543
-2546.8399976316837
600
300
0
false
F*?
4169.3726463543
-2674.839997631684
600
300
0
false
F*?
4186.3726463543
-2839.839997631684
600
300
0
false
F*?
3706.3726463543
-2839.839997631684
600
300
0
false
F*?
3290.3726463543
-2839.839997631684
600
300
0
false
F*?
2730.3726463543
-2839.839997631684
600
300
0
false
F*?
2250.3726463543
-2839.839997631684
600
300
0
false
F*?
1769.3726463542998
-2839.839997631684
600
300
0
false
F*?
1305.3726463542998
-2839.839997631684
600
300
0
false
F*?
777.3726463542998
-2839.839997631684
600
300
0
false
F*?
297.37264635430006
-2839.839997631684
600
300
0
false
F*?
-214.62735364570017
-2839.839997631684
600
300
0
false
F*?
-694.6273536457002
-2839.839997631684
600
300
0
false
F*?
-1190.6273536457002
-2839.839997631684
600
300
0
false
F*?
-1638.6273536457002
-2839.839997631684
600
300
0
false
F*?
-2118.6273536457
-2839.839997631684
600
300
0
false
F*?
-2582.6273536457
-2839.839997631684
600
300
0
false
F*?
-3046.6273536457
-2839.839997631684
600
300
0
false
F*?
-3334.6273536457
-2839.839997631684
600
300
0
false
F*?
-3483.6273536457
-1617.8399976316841
600
300
0
false
F*?
-3483.6273536457
-1324.8399976316841
600
300
0
false
F*?
-3483.6273536457
-1116.8399976316841
600
300
0
false
F*?
-3483.6273536457
-876.8399976316844
600
300
0
false
F*?
-3483.6273536457
-540.8399976316841
600
300
0
false
F*?
-3483.6273536457
-284.8399976316841
600
300
0
false
F*?
-3483.6273536457
-657.8399976316841
600
300
0
false
F*?
-3484.6273536457
-91.83999763168413
600
300
0
false
F*?
-3482.6273536457
276.1600023683159
600
300
0
false
F*?
-3482.6273536457
148.16000236831587
600
300
0
false
F*?
-3482.6273536457
532.1600023683159
600
300
0
false
F*?
-3482.6273536457
708.1600023683159
600
300
0
false
F*?
-3482.6273536457
900.1600023683159
600
300
0
false
F*?
-3482.6273536457
1060.1600023683159
600
300
0
false
F*?
-3482.6273536457
1236.1600023683159
600
300
0
false
F*?
-3482.6273536457
1348.1600023683159
600
300
0
false
F*?
-3482.6273536457
1524.1600023683159
600
300
0
false
F*?
-3482.6273536457
1700.1600023683159
600
300
0
false
F*?
-3482.6273536457
1780.1600023683159
600
300
0
false
F*?
-3482.6273536457
1940.1600023683159
600
300
0
false
F*?
-3482.6273536457
2084.160002368316
600
300
0
false
F*?
-3482.6273536457
2196.160002368316
600
300
0
false
F*?
-3483.6273536457
-1899.8399976316841
600
300
0
false
F*?
-3489.6273536457
-2174.839997631684
600
300
0
false
F*?
-3489.6273536457
-2382.839997631684
600
300
0
false
F*?
-3489.6273536457
-2606.839997631684
600
300
0
false
F*?
-3489.6273536457
-2926.8399976316837
600
300
0
false
F*?
-3488.6273536457
-2848.8399976316846
600
300
0
false
F*?
-3488.6273536457
-3088.839997631684
600
300
0
false
F*?
-3488.6273536457
-3264.839997631684
600
300
0
false
F*?
-3488.6273536457
-3456.839997631684
600
300
0
false
F*?
-3488.6273536457
-3680.839997631684
600
300
0
false
F*?
-3488.6273536457
-3856.839997631684
600
300
0
false
F*?
-3488.6273536457
-4080.839997631684
600
300
0
false
F*?
-3488.6273536457
-4288.839997631684
600
300
0
false
F*?
-3488.6273536457
-4512.839997631684
600
300
0
false
F*?
-3488.6273536457
-4736.839997631684
600
300
0
false
F*?
-3488.6273536457
-4928.839997631684
600
300
0
false
F*?
-3488.6273536457
-5120.839997631684
600
300
0
false
F*?
-3488.6273536457
-5312.839997631684
600
300
0
false
F*?
-3488.6273536457
-5504.839997631684
600
300
0
false
F*?
-3488.6273536457
-5712.839997631684
600
300
0
false
F*?
-3488.6273536457
-5920.839997631683
600
300
0
false
F*?
-3488.6273536457
-6096.839997631684
600
300
0
false
F*?
-3488.6273536457
-6288.839997631684
600
300
0
false
F*?
-2891.6273536457
-3118.839997631684
600
300
0
false
F*?
-2891.6273536457
-3310.839997631684
600
300
0
false
F*?
-2891.6273536457
-3502.839997631684
600
300
0
false
F*?
-2891.6273536457
-3710.839997631684
600
300
0
false
F*?
-2891.6273536457
-3918.839997631684
600
300
0
false
F*?
-2891.6273536457
-4110.839997631684
600
300
0
false
F*?
-2891.6273536457
-4302.839997631684
600
300
0
false
F*?
-2891.6273536457
-4478.839997631684
600
300
0
false
F*?
-2891.6273536457
-4702.839997631684
600
300
0
false
F*?
-2891.6273536457
-4910.839997631684
600
300
0
false
F*?
-2891.6273536457
-5134.839997631684
600
300
0
false
F*?
-2891.6273536457
-5358.839997631684
600
300
0
false
F*?
-2891.6273536457
-5566.839997631684
600
300
0
false
F*?
-2891.6273536457
-5790.839997631685
600
300
0
false
F*?
-2891.6273536457
-6014.839997631684
600
300
0
false
F*?
-2891.6273536457
-6222.839997631684
600
300
0
false
F*?
-2891.6273536457
-6366.839997631684
600
300
0
false
F*?
-2292.6273536456997
-3128.839997631684
600
300
0
false
F*?
-2292.6273536456997
-3368.839997631684
600
300
0
false
F*?
-2292.6273536456997
-3560.839997631684
600
300
0
false
F*?
-2292.6273536456997
-3752.839997631684
600
300
0
false
F*?
-2292.6273536456997
-3960.839997631684
600
300
0
false
F*?
-2292.6273536456997
-4184.839997631684
600
300
0
false
F*?
-2292.6273536456997
-4392.839997631684
600
300
0
false
F*?
-2292.6273536456997
-4616.839997631684
600
300
0
false
F*?
-2292.6273536456997
-4840.839997631684
600
300
0
false
F*?
-2292.6273536456997
-5096.839997631684
600
300
0
false
F*?
-2292.6273536456997
-5352.839997631684
600
300
0
false
F*?
-2292.6273536456997
-5608.839997631684
600
300
0
false
F*?
-2292.6273536456997
-5848.839997631685
600
300
0
false
F*?
-2292.6273536456997
-6120.839997631685
600
300
0
false
F*?
-2292.6273536456997
-6344.839997631684
600
300
0
false
F*?
-2292.6273536456997
-6552.839997631684
600
300
0
false
F*?
-1697.6273536457002
-3133.839997631684
600
300
0
false
F*?
-1697.6273536457002
-3325.839997631684
600
300
0
false
F*?
-1697.6273536457002
-3581.839997631684
600
300
0
false
F*?
-1697.6273536457002
-3837.839997631684
600
300
0
false
F*?
-1697.6273536457002
-4077.839997631684
600
300
0
false
F*?
-1697.6273536457002
-4317.839997631684
600
300
0
false
F*?
-1697.6273536457002
-4525.839997631684
600
300
0
false
F*?
-1697.6273536457002
-4765.839997631684
600
300
0
false
F*?
-1697.6273536457002
-5005.839997631684
600
300
0
false
F*?
-1697.6273536457002
-5229.839997631684
600
300
0
false
F*?
-1697.6273536457002
-5469.839997631685
600
300
0
false
F*?
-1697.6273536457002
-5725.839997631683
600
300
0
false
F*?
-1697.6273536457002
-5965.839997631684
600
300
0
false
F*?
-1697.6273536457002
-6189.839997631683
600
300
0
false
F*?
-1697.6273536457002
-6397.839997631683
600
300
0
false
F*?
-1697.6273536457002
-6605.839997631685
600
300
0
false
F*?
-1098.6273536457002
-3126.839997631684
600
300
0
false
F*?
-1098.6273536457002
-3334.839997631684
600
300
0
false
F*?
-1098.6273536457002
-3558.839997631684
600
300
0
false
F*?
-1098.6273536457002
-3782.839997631684
600
300
0
false
F*?
-1098.6273536457002
-3990.839997631684
600
300
0
false
F*?
-1098.6273536457002
-4230.839997631684
600
300
0
false
F*?
-1098.6273536457002
-4454.839997631684
600
300
0
false
F*?
-1098.6273536457002
-4678.839997631684
600
300
0
false
F*?
-1098.6273536457002
-4886.839997631684
600
300
0
false
F*?
-1098.6273536457002
-5142.839997631683
600
300
0
false
F*?
-1098.6273536457002
-5350.839997631685
600
300
0
false
F*?
-1098.6273536457002
-5622.839997631685
600
300
0
false
F*?
-1098.6273536457002
-5830.839997631684
600
300
0
false
F*?
-1098.6273536457002
-6054.839997631684
600
300
0
false
F*?
-1098.6273536457002
-6294.839997631685
600
300
0
false
F*?
-1098.6273536457002
-6566.839997631684
600
300
0
false
F*?
-1098.6273536457002
-6742.839997631683
600
300
0
false
F*?
-507.62735364570017
-3076.839997631684
600
300
0
false
F*?
-507.62735364570017
-3284.839997631684
600
300
0
false
F*?
-507.62735364570017
-3508.839997631684
600
300
0
false
F*?
-507.62735364570017
-3748.839997631684
600
300
0
false
F*?
-507.62735364570017
-3988.839997631684
600
300
0
false
F*?
-507.62735364570017
-4260.839997631684
600
300
0
false
F*?
-507.62735364570017
-4468.839997631684
600
300
0
false
F*?
-507.62735364570017
-4724.839997631684
600
300
0
false
F*?
-507.62735364570017
-4980.839997631684
600
300
0
false
F*?
-507.62735364570017
-5236.839997631684
600
300
0
false
F*?
-507.62735364570017
-5492.839997631683
600
300
0
false
F*?
-507.62735364570017
-5716.839997631685
600
300
0
false
F*?
-507.62735364570017
-5988.839997631684
600
300
0
false
F*?
-507.62735364570017
-6228.839997631683
600
300
0
false
F*?
-507.62735364570017
-6452.839997631684
600
300
0
false
F*?
-507.62735364570017
-6708.839997631685
600
300
0
false
F*?
-507.62735364570017
-6900.839997631683
600
300
0
false
F*?
88.37264635429983
-3123.839997631684
600
300
0
false
F*?
88.37264635429983
-3347.839997631684
600
300
0
false
F*?
88.37264635429983
-3587.839997631684
600
300
0
false
F*?
88.37264635429983
-3843.839997631684
600
300
0
false
F*?
88.37264635429983
-4083.839997631684
600
300
0
false
F*?
88.37264635429983
-4339.839997631684
600
300
0
false
F*?
88.37264635429983
-4595.839997631684
600
300
0
false
F*?
88.37264635429983
-4835.839997631684
600
300
0
false
F*?
88.37264635429983
-5075.839997631684
600
300
0
false
F*?
88.37264635429983
-5363.839997631684
600
300
0
false
F*?
88.37264635429983
-5619.839997631684
600
300
0
false
F*?
88.37264635429983
-5907.839997631684
600
300
0
false
F*?
88.37264635429983
-6147.839997631684
600
300
0
false
F*?
88.37264635429983
-6403.839997631685
600
300
0
false
F*?
88.37264635429983
-6643.839997631684
600
300
0
false
F*?
88.37264635429983
-6899.839997631684
600
300
0
false
F*?
687.3726463542998
-3061.839997631684
600
300
0
false
F*?
687.3726463542998
-3301.839997631684
600
300
0
false
F*?
687.3726463542998
-3525.839997631684
600
300
0
false
F*?
687.3726463542998
-3781.839997631684
600
300
0
false
F*?
687.3726463542998
-4021.839997631684
600
300
0
false
F*?
687.3726463542998
-4277.839997631684
600
300
0
false
F*?
687.3726463542998
-4533.839997631684
600
300
0
false
F*?
687.3726463542998
-4805.839997631684
600
300
0
false
F*?
687.3726463542998
-5077.839997631684
600
300
0
false
F*?
687.3726463542998
-5381.839997631683
600
300
0
false
F*?
687.3726463542998
-5621.839997631684
600
300
0
false
F*?
687.3726463542998
-5317.839997631685
600
300
0
false
F*?
687.3726463542998
-5765.839997631684
600
300
0
false
F*?
687.3726463542998
-6053.839997631685
600
300
0
false
F*?
687.3726463542998
-6293.839997631684
600
300
0
false
F*?
687.3726463542998
-6533.839997631684
600
300
0
false
F*?
687.3726463542998
-6725.839997631685
600
300
0
false
F*?
687.3726463542998
-6965.839997631683
600
300
0
false
F*?
1287.3726463542998
-3139.839997631683
600
300
0
false
F*?
1287.3726463542998
-3379.839997631683
600
300
0
false
F*?
1287.3726463542998
-3619.839997631683
600
300
0
false
F*?
1287.3726463542998
-3859.839997631683
600
300
0
false
F*?
1287.3726463542998
-4115.839997631683
600
300
0
false
F*?
1287.3726463542998
-4355.839997631683
600
300
0
false
F*?
1287.3726463542998
-4595.839997631683
600
300
0
false
F*?
1287.3726463542998
-4835.839997631683
600
300
0
false
F*?
1287.3726463542998
-5091.839997631683
600
300
0
false
F*?
1287.3726463542998
-5331.839997631683
600
300
0
false
F*?
1287.3726463542998
-5587.839997631683
600
300
0
false
F*?
1287.3726463542998
-5859.839997631683
600
300
0
false
F*?
1287.3726463542998
-6099.839997631683
600
300
0
false
F*?
1287.3726463542998
-6355.839997631684
600
300
0
false
F*?
1287.3726463542998
-6579.839997631683
600
300
0
false
F*?
1287.3726463542998
-6819.839997631684
600
300
0
false
F*?
1287.3726463542998
-6979.839997631683
600
300
0
false
F*?
-4078.6273536457
-6258.839997631683
600
300
0
false
F*?
-4078.6273536457
-5986.839997631683
600
300
0
false
F*?
-4078.6273536457
-5650.839997631683
600
300
0
false
F*?
-4078.6273536457
-5346.839997631683
600
300
0
false
F*?
-4078.6273536457
-5746.839997631683
600
300
0
false
F*?
-4078.6273536457
-5378.839997631683
600
300
0
false
F*?
-4078.6273536457
-5026.839997631683
600
300
0
false
F*?
-4078.6273536457
-4754.839997631683
600
300
0
false
F*?
-4078.6273536457
-5138.839997631683
600
300
0
false
F*?
-4078.6273536457
-4562.839997631683
600
300
0
false
F*?
-4078.6273536457
-4290.839997631683
600
300
0
false
F*?
-4078.6273536457
-4018.839997631683
600
300
0
false
F*?
-4078.6273536457
-3778.839997631683
600
300
0
false
F*?
-4078.6273536457
-3538.839997631683
600
300
0
false
F*?
-4078.6273536457
-3330.839997631683
600
300
0
false
F*?
-4078.6273536457
-3090.8399976316837
600
300
0
false
F*?
-4078.6273536457
-2834.839997631683
600
300
0
false
F*?
-4078.6273536457
-2546.839997631683
600
300
0
false
F*?
-4078.6273536457
-2274.839997631683
600
300
0
false
F*?
-4078.6273536457
-2082.839997631683
600
300
0
false
F*?
-4078.6273536457
-1906.8399976316832
600
300
0
false
F*?
-4078.6273536457
-1650.8399976316832
600
300
0
false
F*?
-4078.6273536457
-1474.8399976316832
600
300
0
false
F*?
-4078.6273536457
-1202.8399976316832
600
300
0
false
F*?
-4078.6273536457
-978.8399976316834
600
300
0
false
F*?
-4078.6273536457
-738.8399976316832
600
300
0
false
F*?
-4078.6273536457
-482.8399976316832
600
300
0
false
F*?
-4078.6273536457
-258.8399976316832
600
300
0
false
F*?
-4078.6273536457
-34.83999763168322
600
300
0
false
F*?
-4078.6273536457
189.16000236831678
600
300
0
false
F*?
-4078.6273536457
429.1600023683168
600
300
0
false
F*?
-4078.6273536457
589.1600023683168
600
300
0
false
F*?
-4638.6273536457
493.1600023683168
600
300
0
false
F*?
-4638.6273536457
253.16000236831678
600
300
0
false
F*?
-4663.6273536457
590.1600023683168
600
300
0
false
F*?
-4663.6273536457
126.16000236831678
600
300
0
false
F*?
-4663.6273536457
-241.83999763168322
600
300
0
false
F*?
-4663.6273536457
-113.83999763168333
600
300
0
false
F*?
-4663.6273536457
350.1600023683168
600
300
0
false
F*?
-4663.6273536457
-513.8399976316832
600
300
0
false
F*?
-4663.6273536457
-833.8399976316832
600
300
0
false
F*?
-4663.6273536457
-721.8399976316832
600
300
0
false
F*?
-4663.6273536457
-1009.8399976316834
600
300
0
false
F*?
-4663.6273536457
-1249.8399976316832
600
300
0
false
F*?
-4663.6273536457
-1489.8399976316832
600
300
0
false
F*?
-4663.6273536457
-1681.8399976316832
600
300
0
false
F*?
-4663.6273536457
-1841.8399976316832
600
300
0
false
F*?
-4663.6273536457
-2033.8399976316832
600
300
0
false
F*?
-4663.6273536457
-2241.839997631683
600
300
0
false
F*?
-4663.6273536457
-2465.839997631683
600
300
0
false
F*?
-4663.6273536457
-2689.839997631683
600
300
0
false
F*?
-4663.6273536457
-2913.8399976316828
600
300
0
false
F*?
-4663.6273536457
-3137.839997631683
600
300
0
false
F*?
-4663.6273536457
-3297.839997631683
600
300
0
false
F*?
-4663.6273536457
-3505.839997631683
600
300
0
false
F*?
-4663.6273536457
-3713.839997631683
600
300
0
false
F*?
-4663.6273536457
-3905.839997631683
600
300
0
false
F*?
-4663.6273536457
-4129.839997631683
600
300
0
false
F*?
-4663.6273536457
-4321.839997631683
600
300
0
false
F*?
-4663.6273536457
-4545.839997631683
600
300
0
false
F*?
-4663.6273536457
-4753.839997631683
600
300
0
false
F*?
-4663.6273536457
-4977.839997631683
600
300
0
false
F*?
-4663.6273536457
-5233.839997631683
600
300
0
false
F*?
-4663.6273536457
-5425.839997631683
600
300
0
false
F*?
-4663.6273536457
-5665.839997631682
600
300
0
false
F*?
-4663.6273536457
-5937.839997631684
600
300
0
false
F*?
-4663.6273536457
-6145.839997631683
600
300
0
false
F*?
-4663.6273536457
-6385.839997631683
600
300
0
false
F*?
-5223.627353645699
-6369.839997631683
600
300
0
false
F*?
-5223.627353645699
-6081.839997631683
600
300
0
false
F*?
-5223.627353645699
-5889.839997631683
600
300
0
false
F*?
-5223.627353645699
-5633.839997631683
600
300
0
false
F*?
-5223.627353645699
-5425.839997631683
600
300
0
false
F*?
-5223.627353645699
-5233.839997631683
600
300
0
false
F*?
-5223.627353645699
-5025.839997631683
600
300
0
false
F*?
-5223.627353645699
-4801.839997631683
600
300
0
false
F*?
-5223.627353645699
-4561.839997631683
600
300
0
false
F*?
-5223.627353645699
-4353.839997631683
600
300
0
false
F*?
-5223.627353645699
-4145.839997631683
600
300
0
false
F*?
-5223.627353645699
-3921.839997631683
600
300
0
false
F*?
-5223.627353645699
-3729.839997631683
600
300
0
false
F*?
-5223.627353645699
-3505.839997631683
600
300
0
false
F*?
-5223.627353645699
-3297.839997631683
600
300
0
false
F*?
-5223.627353645699
-3057.839997631683
600
300
0
false
F*?
-5223.627353645699
-2833.839997631683
600
300
0
false
F*?
-5223.627353645699
-2593.839997631683
600
300
0
false
F*?
-5223.627353645699
-2385.839997631683
600
300
0
false
F*?
-5223.627353645699
-2177.839997631683
600
300
0
false
F*?
-5223.627353645699
-1937.8399976316832
600
300
0
false
F*?
-5223.627353645699
-1713.8399976316832
600
300
0
false
F*?
-5223.627353645699
-1489.8399976316832
600
300
0
false
F*?
-5223.627353645699
-1297.8399976316832
600
300
0
false
F*?
-5223.627353645699
-1025.8399976316834
600
300
0
false
F*?
-5223.627353645699
-769.8399976316832
600
300
0
false
F*?
-5223.627353645699
-561.8399976316832
600
300
0
false
F*?
-5223.627353645699
-353.8399976316832
600
300
0
false
F*?
-5223.627353645699
-81.83999763168322
600
300
0
false
F*?
-5223.627353645699
158.16000236831678
600
300
0
false
F*?
-5223.627353645699
382.1600023683168
600
300
0
false
F*?
-5223.627353645699
638.1600023683168
600
300
0
false
F*?
-5789.6273536457
638.1600023683168
600
300
0
false
F*?
-5789.6273536457
398.1600023683168
600
300
0
false
F*?
-5789.6273536457
174.16000236831678
600
300
0
false
F*?
-5789.6273536457
-33.83999763168322
600
300
0
false
F*?
-5789.6273536457
-273.8399976316832
600
300
0
false
F*?
-5789.6273536457
-497.8399976316832
600
300
0
false
F*?
-5789.6273536457
-737.8399976316832
600
300
0
false
F*?
-5789.6273536457
-993.8399976316834
600
300
0
false
F*?
-5789.6273536457
-1217.8399976316832
600
300
0
false
F*?
-5789.6273536457
-1457.8399976316832
600
300
0
false
F*?
-5789.6273536457
-1697.8399976316832
600
300
0
false
F*?
-5789.6273536457
-1937.8399976316832
600
300
0
false
F*?
-5789.6273536457
-2209.839997631683
600
300
0
false
F*?
-5789.6273536457
-2433.839997631683
600
300
0
false
F*?
-5789.6273536457
-2657.839997631683
600
300
0
false
F*?
-5789.6273536457
-2897.839997631683
600
300
0
false
F*?
-5789.6273536457
-3137.839997631683
600
300
0
false
F*?
-5789.6273536457
-3393.839997631683
600
300
0
false
F*?
-5789.6273536457
-3633.839997631683
600
300
0
false
F*?
-5789.6273536457
-3857.839997631683
600
300
0
false
F*?
-5789.6273536457
-4097.839997631683
600
300
0
false
F*?
-5789.6273536457
-4289.839997631683
600
300
0
false
F*?
-5789.6273536457
-4481.839997631683
600
300
0
false
F*?
-5789.6273536457
-4705.839997631683
600
300
0
false
F*?
-5789.6273536457
-4945.839997631683
600
300
0
false
F*?
-5789.6273536457
-5201.839997631683
600
300
0
false
F*?
-5789.6273536457
-5409.839997631683
600
300
0
false
F*?
-5789.6273536457
-5617.839997631683
600
300
0
false
F*?
-5789.6273536457
-5809.839997631683
600
300
0
false
F*?
-5789.6273536457
-6001.839997631683
600
300
0
false
F*?
-5789.6273536457
-6193.839997631683
600
300
0
false
F*?
-5789.6273536457
-6449.839997631683
600
300
0
false
F*?
-6388.6273536457
-3594.839997631683
600
300
0
false
F*?
-6388.6273536457
-3930.839997631683
600
300
0
false
F*?
-6388.6273536457
-3818.839997631683
600
300
0
false
F*?
-6388.6273536457
-4122.839997631683
600
300
0
false
F*?
-6388.6273536457
-4362.839997631683
600
300
0
false
F*?
-6388.6273536457
-4586.839997631683
600
300
0
false
F*?
-6388.6273536457
-4778.839997631683
600
300
0
false
F*?
-6388.6273536457
-4954.839997631683
600
300
0
false
F*?
-6388.6273536457
-5178.839997631683
600
300
0
false
F*?
-6388.6273536457
-5354.839997631682
600
300
0
false
F*?
-6388.6273536457
-5546.839997631683
600
300
0
false
F*?
-6388.6273536457
-5754.839997631682
600
300
0
false
F*?
-6388.6273536457
-5978.839997631683
600
300
0
false
F*?
-6388.6273536457
-6202.839997631683
600
300
0
false
F*?
-6388.6273536457
-6394.839997631683
600
300
0
false
F*?
-6388.6273536457
-6570.839997631684
600
300
0
false
F*?
-6388.6273536457
-6714.839997631683
600
300
0
false
F*?
-6964.627353645701
-6714.839997631683
600
300
0
false
F*?
-6964.627353645701
-6426.839997631682
600
300
0
false
F*?
-6964.627353645701
-6090.839997631682
600
300
0
false
F*?
-6964.627353645701
-5770.839997631684
600
300
0
false
F*?
-6964.627353645701
-6138.839997631683
600
300
0
false
F*?
-6964.627353645701
-5866.839997631683
600
300
0
false
F*?
-6964.627353645701
-5530.839997631683
600
300
0
false
F*?
-6964.627353645701
-5274.839997631683
600
300
0
false
F*?
-6964.627353645701
-5082.839997631683
600
300
0
false
F*?
-6964.627353645701
-4874.839997631683
600
300
0
false
F*?
-6964.627353645701
-4650.839997631683
600
300
0
false
F*?
-6964.627353645701
-4442.839997631683
600
300
0
false
F*?
-6964.627353645701
-4218.839997631683
600
300
0
false
F*?
-6964.627353645701
-4042.839997631683
600
300
0
false
F*?
-6964.627353645701
-3834.839997631683
600
300
0
false
F*?
-6964.627353645701
-3674.839997631683
600
300
0
false
F*?
-6964.627353645701
-3562.839997631683
600
300
0
false
F*?
-7556.627353645701
-3578.839997631683
600
300
0
false
F*?
-7556.627353645701
-3866.839997631683
600
300
0
false
F*?
-7556.627353645701
-4202.839997631683
600
300
0
false
F*?
-7556.627353645701
-4506.839997631683
600
300
0
false
F*?
-7556.627353645701
-4122.839997631683
600
300
0
false
F*?
-7556.627353645701
-4330.839997631683
600
300
0
false
F*?
-7556.627353645701
-4634.839997631683
600
300
0
false
F*?
-7556.627353645701
-4842.839997631683
600
300
0
false
F*?
-7556.627353645701
-5066.839997631683
600
300
0
false
F*?
-7556.627353645701
-5258.839997631683
600
300
0
false
F*?
-7556.627353645701
-5466.839997631683
600
300
0
false
F*?
-7556.627353645701
-5674.839997631683
600
300
0
false
F*?
-7556.627353645701
-5898.839997631684
600
300
0
false
F*?
-7556.627353645701
-6122.839997631683
600
300
0
false
F*?
-7556.627353645701
-6330.839997631683
600
300
0
false
F*?
-7556.627353645701
-6538.839997631683
600
300
0
false
F*?
-7556.627353645701
-6746.839997631683
600
300
0
false
F*?
-7556.627353645701
-6906.839997631683
600
300
0
false
F*?
-5795.627353645702
-6715.839997631683
600
300
0
false
F*?
-5404.627353645702
-6664.839997631683
600
300
0
false
F*?
-4972.627353645701
-6664.839997631683
600
300
0
false
F*?
-4588.627353645701
-6664.839997631683
600
300
0
false
F*?
-4284.627353645701
-6664.839997631683
600
300
0
false
F*?
-4055.627353645701
-6515.839997631683
600
300
0
false
F*?
-4105.627353645701
-6507.839997631683
600
300
0
false
F*?
-3788.627353645701
-6575.839997631683
600
300
0
false
F*?
-3405.627353645701
-6575.839997631683
600
300
0
false
F*?
-2989.627353645701
-6575.839997631683
600
300
0
false
F*?
-2637.627353645701
-6575.839997631683
600
300
0
false
F*?
-1116.627353645701
-6900.839997631683
600
300
0
false
F*?
-1500.6273536457015
-6900.839997631683
600
300
0
false
F*?
-1900.6273536457015
-6900.839997631683
600
300
0
false
F*?
-2300.627353645701
-6900.839997631683
600
300
0
false
F*?
-2668.627353645701
-6900.839997631683
600
300
0
false
F*?
-3084.627353645701
-6900.839997631683
600
300
0
false
F*?
-3484.627353645701
-6900.839997631683
600
300
0
false
F*?
-3884.627353645701
-6900.839997631683
600
300
0
false
F*?
-4300.627353645701
-6900.839997631683
600
300
0
false
F*?
-4700.627353645701
-6900.839997631683
600
300
0
false
F*?
-5148.627353645701
-6900.839997631683
600
300
0
false
F*?
-5548.627353645701
-6900.839997631683
600
300
0
false
F*?
-5964.627353645701
-6900.839997631683
600
300
0
false
F*?
-6364.627353645701
-6900.839997631683
600
300
0
false
F*?
-6764.627353645701
-6900.839997631683
600
300
0
false
F*?
-7100.627353645701
-6900.839997631683
600
300
0
false
F*?
-3790.627353645701
-6716.839997631684
600
300
0
false
F*?
-3406.627353645701
-6716.839997631684
600
300
0
false
F*?
-2926.627353645701
-6716.839997631684
600
300
0
false
F*?
-2494.627353645701
-6716.839997631684
600
300
0
false
F*?
-2158.627353645701
-6716.839997631684
600
300
0
false
F*?
-785.6273536457011
-6902.839997631683
600
300
0
false
F*?
-7541.627353645701
-7191.839997631684
600
300
0
false
F*?
-7157.627353645701
-7191.839997631684
600
300
0
false
F*?
-6709.627353645701
-7191.839997631684
600
300
0
false
F*?
-6309.627353645701
-7191.839997631684
600
300
0
false
F*?
-5909.627353645701
-7191.839997631684
600
300
0
false
F*?
-5541.627353645702
-7191.839997631684
600
300
0
false
F*?
-5141.627353645701
-7191.839997631684
600
300
0
false
F*?
-4725.627353645701
-7191.839997631684
600
300
0
false
F*?
-4325.627353645701
-7191.839997631684
600
300
0
false
F*?
-3909.627353645701
-7191.839997631684
600
300
0
false
F*?
-3509.627353645701
-7191.839997631684
600
300
0
false
F*?
-3109.627353645701
-7191.839997631684
600
300
0
false
F*?
-2709.627353645701
-7191.839997631684
600
300
0
false
F*?
-2325.627353645701
-7191.839997631684
600
300
0
false
F*?
-1925.627353645701
-7191.839997631684
600
300
0
false
F*?
-1525.627353645701
-7191.839997631684
600
300
0
false
F*?
-1173.627353645701
-7191.839997631684
600
300
0
false
F*?
-741.6273536457009
-7191.839997631684
600
300
0
false
F*?
-325.6273536457011
-7191.839997631684
600
300
0
false
F*?
74.37264635429892
-7191.839997631684
600
300
0
false
F*?
474.3726463542989
-7191.839997631684
600
300
0
false
F*?
858.3726463542989
-7191.839997631684
600
300
0
false
F*?
1354.372646354299
-7191.839997631684
600
300
0
false
F*?
1340.372646354299
-7446.839997631682
600
300
0
false
F*?
972.3726463542989
-7446.839997631682
600
300
0
false
F*?
556.3726463542989
-7446.839997631682
600
300
0
false
F*?
124.37264635429892
-7446.839997631682
600
300
0
false
F*?
-275.6273536457011
-7446.839997631682
600
300
0
false
F*?
-691.6273536457013
-7446.839997631682
600
300
0
false
F*?
-1059.6273536457013
-7446.839997631682
600
300
0
false
F*?
-1507.627353645701
-7446.839997631682
600
300
0
false
F*?
-1907.627353645701
-7446.839997631682
600
300
0
false
F*?
-2291.627353645701
-7446.839997631682
600
300
0
false
F*?
-2691.627353645701
-7446.839997631682
600
300
0
false
F*?
-3075.627353645701
-7446.839997631682
600
300
0
false
F*?
-3459.627353645701
-7446.839997631682
600
300
0
false
F*?
-3859.627353645701
-7446.839997631682
600
300
0
false
F*?
-4291.627353645701
-7446.839997631682
600
300
0
false
F*?
-4675.627353645701
-7446.839997631682
600
300
0
false
F*?
-5091.627353645701
-7446.839997631682
600
300
0
false
F*?
-5523.6273536457
-7446.839997631682
600
300
0
false
F*?
-5891.627353645701
-7446.839997631682
600
300
0
false
F*?
-6323.6273536457
-7446.839997631682
600
300
0
false
F*?
-6723.6273536457
-7446.839997631682
600
300
0
false
F*?
-7139.627353645702
-7446.839997631682
600
300
0
false
F*?
-7635.627353645701
-7446.839997631682
600
300
0
false
F*?
-7507.627353645701
-7718.839997631683
600
300
0
false
F*?
-7043.627353645701
-7718.839997631683
600
300
0
false
F*?
-6611.627353645701
-7718.839997631683
600
300
0
false
F*?
-6115.627353645701
-7718.839997631683
600
300
0
false
F*?
-5715.627353645701
-7718.839997631683
600
300
0
false
F*?
-5251.627353645701
-7718.839997631683
600
300
0
false
F*?
-4755.627353645701
-7718.839997631683
600
300
0
false
F*?
-4307.627353645701
-7718.839997631683
600
300
0
false
F*?
-3843.627353645701
-7718.839997631683
600
300
0
false
F*?
-3443.627353645701
-7718.839997631683
600
300
0
false
F*?
-2963.627353645701
-7718.839997631683
600
300
0
false
F*?
-2547.6273536457006
-7718.839997631683
600
300
0
false
F*?
-2083.627353645701
-7718.839997631683
600
300
0
false
F*?
-1619.627353645701
-7718.839997631683
600
300
0
false
F*?
-1155.627353645701
-7718.839997631683
600
300
0
false
F*?
-707.6273536457009
-7718.839997631683
600
300
0
false
F*?
-275.6273536457011
-7718.839997631683
600
300
0
false
F*?
188.37264635429892
-7718.839997631683
600
300
0
false
F*?
620.3726463542989
-7718.839997631683
600
300
0
false
F*?
1036.372646354299
-7718.839997631683
600
300
0
false
F*?
1420.372646354299
-7718.839997631683
600
300
0
false
F*?
1340.372646354299
-7990.839997631683
600
300
0
false
F*?
860.3726463542989
-7990.839997631683
600
300
0
false
F*?
396.3726463542989
-7990.839997631683
600
300
0
false
F*?
-35.62735364570108
-7990.839997631683
600
300
0
false
F*?
-467.6273536457011
-7990.839997631683
600
300
0
false
F*?
-899.6273536457011
-7990.839997631683
600
300
0
false
F*?
-1299.627353645701
-7990.839997631683
600
300
0
false
F*?
-1699.627353645701
-7990.839997631683
600
300
0
false
F*?
-2099.627353645701
-7990.839997631683
600
300
0
false
F*?
-2499.627353645701
-7990.839997631683
600
300
0
false
F*?
-2963.627353645701
-7990.839997631683
600
300
0
false
F*?
-3411.627353645701
-7990.839997631683
600
300
0
false
F*?
-3827.627353645701
-7990.839997631683
600
300
0
false
F*?
-4243.627353645701
-7990.839997631683
600
300
0
false
F*?
-4627.627353645701
-7990.839997631683
600
300
0
false
F*?
-5043.627353645701
-7990.839997631683
600
300
0
false
F*?
-5475.627353645702
-7990.839997631683
600
300
0
false
F*?
-5891.627353645701
-7990.839997631683
600
300
0
false
F*?
-6307.627353645701
-7990.839997631683
600
300
0
false
F*?
-6755.627353645701
-7990.839997631683
600
300
0
false
F*?
-7139.627353645702
-7990.839997631683
600
300
0
false
F*?
-7571.627353645701
-7990.839997631683
600
300
0
false
C*?
tree
500
700
0
false
D*?

5
E*?
images/tree.png
F*?
-438.6046483917678
1145.7341588504787
500
700
0
false
F*?
35.241505454386015
1173.4264665427863
500
700
0
false
F*?
496.7799669928463
1190.3495434658635
500
700
0
false
F*?
496.7799669928463
1190.3495434658635
500
700
0
false
F*?
993.703043915923
1188.8110819274018
500
700
0
false
F*?
1539.8568900697696
1176.5033896197094
500
700
0
false
F*?
2219.8568900697696
1188.8110819274018
500
700
0
false
F*?
2687.5491977620777
-595.8043026879832
500
700
0
false
F*?
2370.3726463543
-572.8399976316841
500
700
0
false
F*?
-1003.6273536457002
-1279.8399976316832
500
700
0
false
F*?
-1363.6273536457002
-1238.8399976316832
500
700
0
false
F*?
-1767.6273536457002
-1214.8399976316841
500
700
0
false
F*?
-2137.6273536456997
-1223.8399976316841
500
700
0
false
F*?
-2456.6273536457
-1180.8399976316832
500
700
0
false
F*?
-1002.6273536457002
-917.8399976316841
500
700
0
false
F*?
-1381.6273536457002
-917.8399976316841
500
700
0
false
F*?
-1711.6273536457002
-977.8399976316841
500
700
0
false
F*?
-2099.6273536457
-902.8399976316841
500
700
0
false
F*?
-2372.6273536457
-935.8399976316841
500
700
0
false
F*?
-1002.6273536457002
-583.8399976316841
500
700
0
false
F*?
-1373.6273536457002
-633.8399976316841
500
700
0
false
F*?
-1763.6273536457002
-608.8399976316841
500
700
0
false
F*?
-2129.6273536457
-626.8399976316841
500
700
0
false
F*?
-2457.6273536457
-618.8399976316841
500
700
0
false
F*?
-991.6273536457002
-216.83999763168413
500
700
0
false
F*?
-1346.6273536457002
-329.8399976316841
500
700
0
false
F*?
-1755.6273536457002
-263.8399976316841
500
700
0
false
F*?
-2134.6273536457
-297.8399976316841
500
700
0
false
F*?
-2475.6273536456997
-288.8399976316841
500
700
0
false
F*?
-1009.6273536457002
168.16000236831587
500
700
0
false
F*?
-1371.6273536457002
52.16000236831587
500
700
0
false
F*?
-1684.6273536457002
253.16000236831587
500
700
0
false
F*?
-2031.6273536457002
34.16000236831587
500
700
0
false
F*?
-2318.6273536457
265.1600023683159
500
700
0
false
F*?
-2476.6273536457
-55.83999763168413
500
700
0
false
F*?
-2387.6273536457
648.1600023683159
500
700
0
false
F*?
-2023.6273536457002
550.1600023683159
500
700
0
false
F*?
-1521.6273536457002
631.1600023683159
500
700
0
false
F*?
-1209.6273536457002
492.1600023683159
500
700
0
false
F*?
-967.6273536457002
666.1600023683159
500
700
0
false
F*?
-2354.6273536457
1048.1600023683159
500
700
0
false
F*?
-1967.6273536457002
945.1600023683159
500
700
0
false
F*?
-1596.6273536457002
1119.1600023683159
500
700
0
false
F*?
-1276.6273536457002
963.1600023683159
500
700
0
false
F*?
-876.6273536457002
1115.1600023683159
500
700
0
false
F*?
-1154.6273536457002
1409.1600023683159
500
700
0
false
F*?
-1619.6273536457002
1534.1600023683159
500
700
0
false
F*?
-1957.6273536457002
1312.1600023683159
500
700
0
false
F*?
-2238.6273536457
1536.1600023683159
500
700
0
false
F*?
-671.6273536457002
1406.1600023683159
500
700
0
false
F*?
-192.62735364570017
1406.1600023683159
500
700
0
false
F*?
291.37264635429983
1423.1600023683159
500
700
0
false
F*?
803.3726463542998
1404.1600023683159
500
700
0
false
F*?
1253.3726463542998
1393.1600023683159
500
700
0
false
F*?
1878.3726463542998
1238.1600023683159
500
700
0
false
F*?
1759.3726463542998
1401.1600023683159
500
700
0
false
F*?
3053.3726463543
-564.8399976316841
500
700
0
false
F*?
3415.3726463543
-561.8399976316841
500
700
0
false
F*?
3760.3726463543
-551.8399976316841
500
700
0
false
F*?
2379.3726463543
-317.8399976316841
500
700
0
false
F*?
2737.3726463543
-319.8399976316841
500
700
0
false
F*?
3066.3726463543
-320.8399976316841
500
700
0
false
F*?
3379.3726463543
-306.8399976316841
500
700
0
false
F*?
3794.3726463543
-270.8399976316841
500
700
0
false
F*?
3768.3726463543
108.16000236831587
500
700
0
false
F*?
3418.3726463543
0.16000236831587245
500
700
0
false
F*?
3090.3726463543
94.16000236831587
500
700
0
false
F*?
2752.3726463543
13.160002368315872
500
700
0
false
F*?
2410.3726463543
46.16000236831587
500
700
0
false
F*?
2359.3726463543
334.1600023683159
500
700
0
false
F*?
2743.3726463543
356.1600023683159
500
700
0
false
F*?
3133.3726463543
444.1600023683159
500
700
0
false
F*?
3507.3726463543
338.1600023683159
500
700
0
false
F*?
3764.3726463543
514.1600023683159
500
700
0
false
F*?
2406.3726463543
611.1600023683159
500
700
0
false
F*?
2705.3726463543
731.1600023683159
500
700
0
false
F*?
3065.3726463543
751.1600023683159
500
700
0
false
F*?
3389.3726463543
722.1600023683159
500
700
0
false
F*?
3761.3726463543
933.1600023683159
500
700
0
false
F*?
2482.3726463543
874.1600023683159
500
700
0
false
F*?
2646.3726463543
1171.1600023683159
500
700
0
false
F*?
2997.3726463543
1016.1600023683159
500
700
0
false
F*?
2460.3726463543
1425.1600023683159
500
700
0
false
F*?
3418.3726463543
1094.1600023683159
500
700
0
false
F*?
3038.3726463543
1404.1600023683159
500
700
0
false
F*?
3431.3726463543
1436.1600023683159
500
700
0
false
F*?
3804.3726463543
1348.1600023683159
500
700
0
false
F*?
-205.62735364570017
-2950.839997631684
500
700
0
false
F*?
209.37264635429983
-2948.839997631684
500
700
0
false
F*?
561.3726463542997
-2948.839997631684
500
700
0
false
F*?
897.3726463542998
-2948.839997631684
500
700
0
false
F*?
1281.3726463542998
-2948.839997631684
500
700
0
false
F*?
1761.3726463542998
-2948.839997631684
500
700
0
false
F*?
2161.3726463543
-2948.839997631684
500
700
0
false
F*?
2609.3726463543
-2948.839997631684
500
700
0
false
F*?
3025.3726463543
-2948.839997631684
500
700
0
false
F*?
3409.3726463543
-2948.839997631684
500
700
0
false
F*?
3873.3726463543
-2948.839997631684
500
700
0
false
F*?
3953.3726463543
-2580.839997631684
500
700
0
false
F*?
3585.3726463543
-2580.839997631684
500
700
0
false
F*?
3185.3726463543
-2580.839997631684
500
700
0
false
F*?
2833.3726463543
-2580.839997631684
500
700
0
false
F*?
2481.3726463543
-2580.839997631684
500
700
0
false
F*?
2097.3726463543
-2580.839997631684
500
700
0
false
F*?
1745.3726463542998
-2580.839997631684
500
700
0
false
F*?
1313.3726463542998
-2580.839997631684
500
700
0
false
F*?
961.3726463542998
-2580.839997631684
500
700
0
false
F*?
561.3726463542997
-2580.839997631684
500
700
0
false
F*?
177.37264635429983
-2580.839997631684
500
700
0
false
F*?
-190.62735364570017
-2580.839997631684
500
700
0
false
F*?
-446.62735364570017
-2500.839997631684
500
700
0
false
F*?
-141.62735364570017
-2307.839997631684
500
700
0
false
F*?
210.37264635429983
-2307.839997631684
500
700
0
false
F*?
626.3726463542998
-2307.839997631684
500
700
0
false
F*?
978.3726463542998
-2307.839997631684
500
700
0
false
F*?
1362.3726463542998
-2307.839997631684
500
700
0
false
F*?
1778.3726463542998
-2307.839997631684
500
700
0
false
F*?
2194.3726463543
-2307.839997631684
500
700
0
false
F*?
2594.3726463543
-2307.839997631684
500
700
0
false
F*?
2994.3726463543
-2307.839997631684
500
700
0
false
F*?
3458.3726463543
-2307.839997631684
500
700
0
false
F*?
3874.3726463543
-2307.839997631684
500
700
0
false
F*?
3970.3726463543
-1971.8399976316841
500
700
0
false
F*?
3459.3726463543
-1996.8399976316841
500
700
0
false
F*?
3068.3726463543
-1996.8399976316841
500
700
0
false
F*?
2652.3726463543
-1996.8399976316841
500
700
0
false
F*?
2172.3726463543
-1996.8399976316841
500
700
0
false
F*?
1740.3726463542998
-1996.8399976316841
500
700
0
false
F*?
1340.3726463542998
-1996.8399976316841
500
700
0
false
F*?
924.3726463542998
-1996.8399976316841
500
700
0
false
F*?
540.3726463542998
-1996.8399976316841
500
700
0
false
F*?
172.37264635429983
-1996.8399976316841
500
700
0
false
F*?
742.3726463542998
-1705.8399976316841
500
700
0
false
F*?
1190.3726463542998
-1705.8399976316841
500
700
0
false
F*?
1654.3726463542998
-1705.8399976316841
500
700
0
false
F*?
2022.3726463542998
-1705.8399976316841
500
700
0
false
F*?
2470.3726463543
-1705.8399976316841
500
700
0
false
F*?
2886.3726463543
-1705.8399976316841
500
700
0
false
F*?
3270.3726463543
-1705.8399976316841
500
700
0
false
F*?
3670.3726463543
-1705.8399976316841
500
700
0
false
F*?
4022.3726463543
-1689.8399976316841
500
700
0
false
F*?
3958.3726463543
-1449.8399976316844
500
700
0
false
F*?
3510.3726463543
-1449.8399976316844
500
700
0
false
F*?
3078.3726463543
-1449.8399976316844
500
700
0
false
F*?
2662.3726463543
-1449.8399976316844
500
700
0
false
F*?
2214.3726463543
-1449.8399976316844
500
700
0
false
F*?
1814.3726463542998
-1449.8399976316844
500
700
0
false
F*?
1398.3726463542998
-1449.8399976316844
500
700
0
false
F*?
1158.3726463542998
-1449.8399976316844
500
700
0
false
F*?
1587.3726463542998
-1210.8399976316841
500
700
0
false
F*?
2067.3726463543
-1209.8399976316841
500
700
0
false
F*?
2467.3726463543
-1209.8399976316841
500
700
0
false
F*?
2915.3726463543
-1209.8399976316841
500
700
0
false
F*?
3283.3726463543
-1209.8399976316841
500
700
0
false
F*?
3715.3726463543
-1209.8399976316841
500
700
0
false
F*?
3987.3726463543
-1209.8399976316841
500
700
0
false
F*?
3945.3726463543
-1080.8399976316841
500
700
0
false
F*?
3549.3726463543
-1077.8399976316841
500
700
0
false
F*?
3133.3726463543
-1100.8399976316841
500
700
0
false
F*?
2695.3726463543
-1129.8399976316841
500
700
0
false
F*?
2193.3726463543
-1096.8399976316841
500
700
0
false
F*?
1891.3726463542998
-1001.8399976316841
500
700
0
false
F*?
-2726.6273536457
-1184.8399976316832
500
700
0
false
F*?
-2736.6273536457
-700.8399976316841
500
700
0
false
F*?
-2736.6273536457
-268.83999763168407
500
700
0
false
F*?
-2736.6273536457
195.16000236831587
500
700
0
false
F*?
-2736.6273536457
675.1600023683159
500
700
0
false
F*?
-2736.6273536457
1123.1600023683159
500
700
0
false
F*?
-2736.6273536457
1555.1600023683159
500
700
0
false
F*?
4273.3726463543
-2890.839997631684
500
700
0
false
F*?
4273.3726463543
-2602.839997631684
500
700
0
false
F*?
4273.3726463543
-2202.839997631684
500
700
0
false
F*?
4273.3726463543
-1850.8399976316841
500
700
0
false
F*?
4273.3726463543
-1482.839997631684
500
700
0
false
F*?
4273.3726463543
-1130.8399976316841
500
700
0
false
F*?
4273.3726463543
-778.8399976316841
500
700
0
false
F*?
4145.3726463543
-410.8399976316841
500
700
0
false
F*?
4049.3726463543
-26.839997631684128
500
700
0
false
F*?
4161.3726463543
405.1600023683159
500
700
0
false
F*?
4129.3726463543
821.1600023683159
500
700
0
false
F*?
4097.3726463543
1189.1600023683159
500
700
0
false
F*?
4193.3726463543
1541.1600023683159
500
700
0
false
F*?
2167.3726463543
-876.8399976316841
500
700
0
false
F*?
2516.3726463543
-964.8399976316841
500
700
0
false
F*?
2878.3726463543
-959.8399976316841
500
700
0
false
F*?
3230.3726463543
-950.8399976316841
500
700
0
false
F*?
3587.3726463543
-932.8399976316841
500
700
0
false
F*?
3974.3726463543
-898.8399976316841
500
700
0
false
F*?
-3972.6273536457
-4830.839997631683
500
700
0
false
F*?
-4404.6273536457
-4830.839997631683
500
700
0
false
F*?
-4836.6273536457
-4830.839997631683
500
700
0
false
F*?
-5220.6273536457
-4830.839997631683
500
700
0
false
F*?
-5588.627353645701
-4750.839997631683
500
700
0
false
F*?
-5476.6273536457
-4526.839997631683
500
700
0
false
F*?
-5060.627353645701
-4526.839997631683
500
700
0
false
F*?
-4692.6273536457
-4526.839997631683
500
700
0
false
F*?
-4324.6273536457
-4526.839997631683
500
700
0
false
F*?
-4036.6273536457
-4366.839997631683
500
700
0
false
F*?
-4164.6273536457
-4126.839997631683
500
700
0
false
F*?
-4564.6273536457
-4126.839997631683
500
700
0
false
F*?
-4916.627353645699
-4126.839997631683
500
700
0
false
F*?
-5284.6273536457
-4126.839997631683
500
700
0
false
F*?
-5668.6273536457
-4126.839997631683
500
700
0
false
F*?
-5879.627353645701
-4553.839997631683
500
700
0
false
F*?
-5869.627353645701
-3762.839997631683
500
700
0
false
F*?
-5421.6273536457
-3762.839997631683
500
700
0
false
F*?
-5037.6273536457
-3762.839997631683
500
700
0
false
F*?
-4669.6273536457
-3762.839997631683
500
700
0
false
F*?
-4285.6273536457
-3762.839997631683
500
700
0
false
F*?
-4061.6273536457
-3666.839997631683
500
700
0
false
F*?
-4141.6273536457
-3330.839997631683
500
700
0
false
F*?
-4541.6273536457
-3330.839997631683
500
700
0
false
F*?
-4909.6273536457
-3330.839997631683
500
700
0
false
F*?
-5309.6273536457
-3330.839997631683
500
700
0
false
F*?
-5693.6273536457
-3330.839997631683
500
700
0
false
F*?
-5981.627353645699
-3250.839997631683
500
700
0
false
F*?
-5901.6273536457
-2930.839997631683
500
700
0
false
F*?
-5517.627353645699
-2930.839997631683
500
700
0
false
F*?
-5149.6273536457
-2930.839997631683
500
700
0
false
F*?
-4781.6273536457
-2930.839997631683
500
700
0
false
F*?
-4445.6273536457
-2930.839997631683
500
700
0
false
F*?
-4029.6273536457
-2930.839997631683
500
700
0
false
F*?
-3949.6273536457
-2546.839997631683
500
700
0
false
F*?
-4237.6273536457
-2450.839997631683
500
700
0
false
F*?
-4589.6273536457
-2450.839997631683
500
700
0
false
F*?
-4957.6273536457
-2450.839997631683
500
700
0
false
F*?
-5309.6273536457
-2450.839997631683
500
700
0
false
F*?
-5629.6273536457
-2450.839997631683
500
700
0
false
F*?
-5965.6273536457
-2450.839997631683
500
700
0
false
F*?
-5997.627353645701
-2114.839997631683
500
700
0
false
F*?
-5677.6273536457
-2050.839997631683
500
700
0
false
F*?
-5373.6273536457
-2050.839997631683
500
700
0
false
F*?
-5037.6273536457
-2050.839997631683
500
700
0
false
F*?
-4685.6273536457
-2050.839997631683
500
700
0
false
F*?
-4381.6273536457
-2050.839997631683
500
700
0
false
F*?
-3997.6273536457
-2050.839997631683
500
700
0
false
F*?
-3885.6273536457
-1826.8399976316832
500
700
0
false
F*?
-4189.6273536457
-1698.8399976316832
500
700
0
false
F*?
-4557.6273536457
-1698.8399976316832
500
700
0
false
F*?
-4925.627353645699
-1698.8399976316832
500
700
0
false
F*?
-5245.6273536457
-1698.8399976316832
500
700
0
false
F*?
-5629.6273536457
-1698.8399976316832
500
700
0
false
F*?
-5949.6273536457
-1682.8399976316832
500
700
0
false
F*?
-5901.6273536457
-1314.8399976316832
500
700
0
false
F*?
-5549.6273536457
-1314.8399976316832
500
700
0
false
F*?
-5213.6273536457
-1314.8399976316832
500
700
0
false
F*?
-4663.6273536457
-1335.8399976316832
500
700
0
false
F*?
-4311.6273536457
-1335.8399976316832
500
700
0
false
F*?
-3959.6273536457
-1335.8399976316832
500
700
0
false
F*?
-3623.6273536457
-1335.8399976316832
500
700
0
false
F*?
-3271.6273536457
-1335.8399976316832
500
700
0
false
F*?
-3143.6273536457
-1095.8399976316832
500
700
0
false
F*?
-3351.6273536457
-951.8399976316832
500
700
0
false
F*?
-3735.6273536457
-951.8399976316832
500
700
0
false
F*?
-4119.6273536457
-951.8399976316832
500
700
0
false
F*?
-4487.6273536457
-951.8399976316832
500
700
0
false
F*?
-4807.6273536457
-951.8399976316832
500
700
0
false
F*?
-5159.6273536457
-951.8399976316832
500
700
0
false
F*?
-5495.6273536457
-951.8399976316832
500
700
0
false
F*?
-5831.6273536457
-951.8399976316832
500
700
0
false
F*?
-5927.6273536457
-663.8399976316832
500
700
0
false
F*?
-5607.627353645699
-599.8399976316832
500
700
0
false
F*?
-5319.6273536457
-599.8399976316832
500
700
0
false
F*?
-5015.6273536457
-599.8399976316832
500
700
0
false
F*?
-4695.6273536457
-599.8399976316832
500
700
0
false
F*?
-4391.6273536457
-599.8399976316832
500
700
0
false
F*?
-4071.6273536457
-599.8399976316832
500
700
0
false
F*?
-3735.6273536457
-599.8399976316832
500
700
0
false
F*?
-3367.6273536457
-599.8399976316832
500
700
0
false
F*?
-3127.6273536457
-423.8399976316832
500
700
0
false
F*?
-3207.6273536457
-151.83999763168322
500
700
0
false
F*?
-3559.6273536457
-151.83999763168322
500
700
0
false
F*?
-3911.6273536457
-151.83999763168322
500
700
0
false
F*?
-4247.6273536457
-151.83999763168322
500
700
0
false
F*?
-4535.6273536457
-151.83999763168322
500
700
0
false
F*?
-4919.6273536457
-151.83999763168322
500
700
0
false
F*?
-5271.627353645699
-151.83999763168322
500
700
0
false
F*?
-5719.6273536457
-151.83999763168322
500
700
0
false
F*?
-434.62735364570017
-4654.839997631683
500
700
0
false
F*?
-18.62735364570017
-4654.839997631683
500
700
0
false
F*?
333.37264635429983
-4654.839997631683
500
700
0
false
F*?
669.3726463542998
-4654.839997631683
500
700
0
false
F*?
1037.3726463542998
-4654.839997631683
500
700
0
false
F*?
1437.3726463542998
-4654.839997631683
500
700
0
false
F*?
1629.3726463542998
-4446.839997631683
500
700
0
false
F*?
1293.3726463542998
-4285.839997631683
500
700
0
false
F*?
957.3726463542998
-4285.839997631683
500
700
0
false
F*?
621.3726463542998
-4285.839997631683
500
700
0
false
F*?
301.37264635429983
-4285.839997631683
500
700
0
false
F*?
-50.62735364570017
-4285.839997631683
500
700
0
false
F*?
-402.62735364570017
-4269.839997631683
500
700
0
false
F*?
-450.62735364570017
-3949.839997631683
500
700
0
false
F*?
-162.62735364569994
-3773.839997631683
500
700
0
false
F*?
285.37264635429983
-3869.839997631683
500
700
0
false
F*?
541.3726463542998
-3885.839997631683
500
700
0
false
F*?
909.3726463542998
-3885.839997631683
500
700
0
false
F*?
1245.3726463542998
-3885.839997631683
500
700
0
false
F*?
1629.3726463542998
-3773.839997631683
500
700
0
false
F*?
1565.3726463542998
-3549.839997631683
500
700
0
false
F*?
1197.3726463542998
-3549.839997631683
500
700
0
false
F*?
829.3726463542998
-3549.839997631683
500
700
0
false
F*?
477.37264635429983
-3517.839997631683
500
700
0
false
F*?
77.37264635429983
-3437.839997631683
500
700
0
false
F*?
-434.62735364570017
-3437.839997631683
500
700
0
false
F*?
-1347.627353645701
-8367.839997631683
500
700
0
false
F*?
-1763.627353645701
-8367.839997631683
500
700
0
false
F*?
-2163.627353645701
-8367.839997631683
500
700
0
false
F*?
-2563.627353645701
-8367.839997631683
500
700
0
false
F*?
-2963.627353645701
-8367.839997631683
500
700
0
false
F*?
-3363.627353645701
-8367.839997631683
500
700
0
false
F*?
-3763.627353645701
-8367.839997631683
500
700
0
false
F*?
-4163.627353645701
-8367.839997631683
500
700
0
false
F*?
-4531.627353645702
-8367.839997631683
500
700
0
false
F*?
-4931.627353645702
-8367.839997631683
500
700
0
false
F*?
-5331.627353645702
-8367.839997631683
500
700
0
false
F*?
-5715.6273536457
-8367.839997631683
500
700
0
false
F*?
-6099.627353645701
-8367.839997631683
500
700
0
false
F*?
-6515.627353645701
-8367.839997631683
500
700
0
false
F*?
-6899.627353645701
-8367.839997631683
500
700
0
false
F*?
-7283.627353645701
-8367.839997631683
500
700
0
false
F*?
-7555.627353645701
-8239.839997631683
500
700
0
false
F*?
-7443.627353645701
-8031.839997631683
500
700
0
false
F*?
-7075.627353645701
-8031.839997631683
500
700
0
false
F*?
-6659.627353645701
-8031.839997631683
500
700
0
false
F*?
-6275.627353645701
-8031.839997631683
500
700
0
false
F*?
-5923.627353645701
-8031.839997631683
500
700
0
false
F*?
-5555.627353645701
-8031.839997631683
500
700
0
false
F*?
-5203.627353645701
-8031.839997631683
500
700
0
false
F*?
-4883.627353645701
-8031.839997631683
500
700
0
false
F*?
-4499.627353645701
-8031.839997631683
500
700
0
false
F*?
-4099.627353645701
-8031.839997631683
500
700
0
false
F*?
-3683.627353645701
-8031.839997631683
500
700
0
false
F*?
-3331.627353645701
-8031.839997631683
500
700
0
false
F*?
-2947.627353645701
-8031.839997631683
500
700
0
false
F*?
-2563.627353645701
-8031.839997631683
500
700
0
false
F*?
-2179.627353645701
-8031.839997631683
500
700
0
false
F*?
-1843.627353645701
-8031.839997631683
500
700
0
false
F*?
-1475.6273536457015
-8031.839997631683
500
700
0
false
F*?
-1091.627353645701
-8015.839997631683
500
700
0
false
F*?
-1139.6273536457006
-7743.839997631683
500
700
0
false
F*?
-1523.627353645701
-7743.839997631683
500
700
0
false
F*?
-1987.627353645701
-7743.839997631683
500
700
0
false
F*?
-2371.627353645701
-7743.839997631683
500
700
0
false
F*?
-2803.627353645701
-7743.839997631683
500
700
0
false
F*?
-3171.627353645701
-7743.839997631683
500
700
0
false
F*?
-3555.627353645701
-7743.839997631683
500
700
0
false
F*?
-3971.627353645701
-7743.839997631683
500
700
0
false
F*?
-4371.627353645701
-7743.839997631683
500
700
0
false
F*?
-4755.627353645701
-7743.839997631683
500
700
0
false
F*?
-5123.6273536457
-7743.839997631683
500
700
0
false
F*?
-5539.627353645701
-7743.839997631683
500
700
0
false
F*?
-5907.627353645701
-7743.839997631683
500
700
0
false
F*?
-6291.627353645701
-7743.839997631683
500
700
0
false
F*?
-6675.627353645701
-7743.839997631683
500
700
0
false
F*?
-7091.627353645701
-7743.839997631683
500
700
0
false
F*?
-7491.627353645701
-7743.839997631683
500
700
0
false
F*?
-7603.627353645701
-7471.839997631684
500
700
0
false
F*?
-7203.627353645701
-7471.839997631684
500
700
0
false
F*?
-6771.627353645701
-7471.839997631684
500
700
0
false
F*?
-6371.627353645701
-7471.839997631684
500
700
0
false
F*?
-5875.627353645701
-7471.839997631684
500
700
0
false
F*?
-5427.627353645701
-7471.839997631684
500
700
0
false
F*?
-5043.627353645701
-7471.839997631684
500
700
0
false
F*?
-4675.627353645701
-7471.839997631684
500
700
0
false
F*?
-4307.627353645701
-7471.839997631684
500
700
0
false
F*?
-3939.627353645701
-7471.839997631684
500
700
0
false
F*?
-3523.627353645701
-7471.839997631684
500
700
0
false
F*?
-3155.627353645701
-7471.839997631684
500
700
0
false
F*?
-2723.627353645701
-7471.839997631684
500
700
0
false
F*?
-2259.627353645701
-7471.839997631684
500
700
0
false
F*?
-1891.627353645701
-7471.839997631684
500
700
0
false
F*?
-1555.627353645701
-7471.839997631684
500
700
0
false
F*?
-2344.627353645701
-7293.839997631683
500
700
0
false
F*?
-2792.627353645701
-7293.839997631683
500
700
0
false
F*?
-3351.627353645701
-7288.839997631683
500
700
0
false
F*?
-3761.627353645701
-7267.839997631683
500
700
0
false
F*?
-4168.627353645702
-7248.839997631683
500
700
0
false
F*?
-4568.627353645702
-7248.839997631683
500
700
0
false
F*?
-4991.627353645701
-7241.839997631683
500
700
0
false
F*?
-5395.627353645701
-7237.839997631683
500
700
0
false
F*?
-5795.627353645701
-7237.839997631683
500
700
0
false
F*?
-6179.627353645701
-7237.839997631683
500
700
0
false
F*?
-6554.627353645701
-7229.839997631683
500
700
0
false
F*?
-6957.627353645701
-7219.839997631683
500
700
0
false
F*?
-7375.627353645701
-7213.839997631683
500
700
0
false
F*?
-7679.627353645701
-7081.839997631683
500
700
0
false
F*?
-7503.627353645701
-6953.839997631682
500
700
0
false
F*?
-7023.627353645701
-6953.839997631682
500
700
0
false
F*?
-6575.627353645701
-6953.839997631682
500
700
0
false
F*?
-6159.627353645701
-6953.839997631682
500
700
0
false
F*?
-5887.627353645701
-6793.839997631683
500
700
0
false
F*?
-6063.627353645701
-6601.839997631683
500
700
0
false
F*?
-6527.627353645701
-6601.839997631683
500
700
0
false
F*?
-6959.627353645701
-6601.839997631683
500
700
0
false
F*?
-7359.627353645701
-6601.839997631683
500
700
0
false
F*?
-7551.627353645701
-6393.839997631683
500
700
0
false
F*?
-7327.627353645701
-6329.839997631683
500
700
0
false
F*?
-6895.627353645701
-6329.839997631683
500
700
0
false
F*?
-6463.627353645701
-6329.839997631683
500
700
0
false
F*?
-6111.627353645701
-6329.839997631683
500
700
0
false
F*?
-5871.627353645701
-6217.839997631683
500
700
0
false
F*?
-5999.627353645701
-5993.839997631683
500
700
0
false
F*?
-6399.627353645701
-5993.839997631683
500
700
0
false
F*?
-6767.627353645701
-5993.839997631683
500
700
0
false
F*?
-7151.627353645701
-5993.839997631683
500
700
0
false
F*?
-7535.627353645701
-5993.839997631683
500
700
0
false
F*?
-7551.627353645701
-5721.839997631683
500
700
0
false
F*?
-7135.627353645701
-5721.839997631683
500
700
0
false
F*?
-6719.627353645701
-5721.839997631683
500
700
0
false
F*?
-6335.627353645701
-5721.839997631683
500
700
0
false
F*?
-5967.627353645701
-5721.839997631683
500
700
0
false
F*?
-5935.627353645701
-5401.839997631683
500
700
0
false
F*?
-6303.627353645701
-5401.839997631683
500
700
0
false
F*?
-6751.627353645701
-5401.839997631683
500
700
0
false
F*?
-7151.627353645701
-5401.839997631683
500
700
0
false
F*?
-7519.627353645701
-5401.839997631683
500
700
0
false
F*?
-7727.627353645701
-5241.839997631683
500
700
0
false
F*?
-7567.627353645701
-5081.839997631683
500
700
0
false
F*?
-7199.627353645701
-5081.839997631683
500
700
0
false
F*?
-6735.627353645701
-5081.839997631683
500
700
0
false
F*?
-6335.627353645701
-5081.839997631683
500
700
0
false
F*?
-5919.627353645701
-5081.839997631683
500
700
0
false
F*?
-6207.627353645701
-4889.839997631683
500
700
0
false
F*?
-6623.627353645701
-4889.839997631683
500
700
0
false
F*?
-7023.627353645701
-4889.839997631683
500
700
0
false
F*?
-7455.627353645701
-4889.839997631683
500
700
0
false
F*?
-7727.627353645701
-4793.839997631683
500
700
0
false
F*?
-7615.627353645701
-4553.839997631683
500
700
0
false
F*?
-7215.627353645701
-4553.839997631683
500
700
0
false
F*?
-6815.627353645701
-4553.839997631683
500
700
0
false
F*?
-6479.627353645701
-4553.839997631683
500
700
0
false
F*?
-6159.627353645701
-4441.839997631683
500
700
0
false
F*?
-6319.627353645701
-4233.839997631683
500
700
0
false
F*?
-6799.627353645701
-4233.839997631683
500
700
0
false
F*?
-7215.627353645701
-4233.839997631683
500
700
0
false
F*?
-7615.627353645701
-4233.839997631683
500
700
0
false
F*?
-7791.627353645701
-4057.839997631683
500
700
0
false
F*?
-7583.627353645701
-3961.839997631683
500
700
0
false
F*?
-7135.627353645701
-3961.839997631683
500
700
0
false
F*?
-6751.627353645701
-3961.839997631683
500
700
0
false
F*?
-6351.627353645701
-3961.839997631683
500
700
0
false
C*?
deadman
100
60
0
false
D*?

5
E*?
images/deadman.png
F*?
1034.3726463542996
33.160002368315816
100
60
0
false
F*?
319.37264635429995
-1193.8399976316841
100
60
0
false
F*?
-824.6273536457002
-1470.8399976316832
100
60
0
false
F*?
-3036.627353645701
-4580.839997631683
100
60
0
false
B*?
enemies
false
100
true
false
false
C*?
skell
60
90
0
false
D*?

5
E*?
images/skellN1.png
E*?
images/skellN2.png
E*?
images/skellN3.png
E*?
images/skellN4.png
E*?
images/skellN5.png
E*?
images/skellN6.png
E*?
images/skellN7.png
E*?
images/skellN8.png
D*?

5
E*?
images/skellNW1.png
E*?
images/skellNW2.png
E*?
images/skellNW4.png
E*?
images/skellNW5.png
E*?
images/skellNW6.png
E*?
images/skellNW7.png
E*?
images/skellNW8.png
D*?

5
E*?
images/skellW1.png
E*?
images/skellW2.png
E*?
images/skellW3.png
E*?
images/skellW4.png
E*?
images/skellW6.png
E*?
images/skellW7.png
E*?
images/skellW8.png
D*?

5
E*?
images/skellSW1.png
E*?
images/skellSW2.png
E*?
images/skellSW3.png
E*?
images/skellSW4.png
E*?
images/skellSW5.png
E*?
images/skellSW6.png
E*?
images/skellSW8.png
D*?

5
E*?
images/skellS1.png
E*?
images/skellS2.png
E*?
images/skellS3.png
E*?
images/skellS4.png
E*?
images/skellS5.png
E*?
images/skellS6.png
E*?
images/skellS7.png
E*?
images/skellS8.png
D*?

5
E*?
images/skelldie.png
F*?
1613.3584905660377
497.9433962264151
60
90
0
false
F*?
2287.472274685154
581.6572357735554
60
90
0
false
F*?
2282.472274685154
457.6572357735554
60
90
0
false
F*?
942.4615384615397
-671.076923076922
60
90
0
false
F*?
1099.9999999999998
-658.2307692307684
60
90
0
false
F*?
1244.9999999999998
-710.2307692307684
60
90
0
false
F*?
-343.0000000000002
-1230.2307692307684
60
90
0
false
F*?
-168.53846153845961
-1350.3076923076906
60
90
0
false
F*?
60.461538461540385
-1324.3076923076906
60
90
0
false
F*?
-117.53846153845961
-1127.3076923076906
60
90
0
false
F*?
-3139.6273536456997
-3753.839997631683
60
90
0
false
F*?
-2982.6273536456997
-3812.839997631683
60
90
0
false
F*?
-2871.6273536457
-1750.8399976316832
60
90
0
false
F*?
-2134.6273536457
-2036.8399976316832
60
90
0
false
F*?
-1318.6273536457002
-2235.839997631683
60
90
0
false
F*?
-1198.6273536457002
-3016.8399976316828
60
90
0
false
F*?
-2029.6273536457002
-3059.8399976316828
60
90
0
false
F*?
-2604.6273536457
-3086.8399976316828
60
90
0
false
F*?
-1717.6273536457002
-3934.839997631683
60
90
0
false
F*?
-1071.6273536457002
-2518.839997631683
60
90
0
false
F*?
-1430.6273536457002
-1765.8399976316832
60
90
0
false
F*?
-1730.6273536457002
-2268.839997631683
60
90
0
false
F*?
-1624.6273536457002
-2986.839997631683
60
90
0
false
F*?
-1157.6273536457002
-3610.839997631683
60
90
0
false
F*?
-1817.6273536457002
-3475.839997631683
60
90
0
false
F*?
-2485.6273536457
-3526.839997631683
60
90
0
false
F*?
-2399.6273536457
-2721.8399976316828
60
90
0
false
F*?
-2944.6273536457
-2466.8399976316828
60
90
0
false
F*?
-2687.6273536457
-2026.8399976316828
60
90
0
false
F*?
-3113.6273536457
-1590.8399976316832
60
90
0
false
F*?
-2635.6273536457
-1641.8399976316832
60
90
0
false
F*?
-1907.6273536457002
-2506.839997631683
60
90
0
false
C*?
spike
100
100
0
false
D*?

5
E*?
images/spikeN1.png
E*?
images/spikeN2.png
E*?
images/spikeN3.png
E*?
images/spikeN4.png
E*?
images/spikeN5.png
E*?
images/spikeN6.png
E*?
images/spikeN7.png
E*?
images/spikeN8.png
E*?
images/spikeN9.png
D*?

5
E*?
images/spikeNE1.png
E*?
images/spikeNE2.png
E*?
images/spikeNE3.png
E*?
images/spikeNE4.png
E*?
images/spikeNE5.png
E*?
images/spikeNE6.png
E*?
images/spikeNE7.png
E*?
images/spikeNE8.png
E*?
images/spikeNE9.png
D*?

5
E*?
images/spikeE1.png
E*?
images/spikeE2.png
E*?
images/spikeE3.png
E*?
images/spikeE4.png
E*?
images/spikeE5.png
E*?
images/spikeE6.png
E*?
images/spikeE7.png
E*?
images/spikeE8.png
E*?
images/spikeE9.png
D*?

5
E*?
images/spikeSE1.png
E*?
images/spikeSE2.png
E*?
images/spikeSE3.png
E*?
images/spikeSE4.png
E*?
images/spikeSE5.png
E*?
images/spikeSE6.png
E*?
images/spikeSE7.png
E*?
images/spikeSE8.png
E*?
images/spikeSE9.png
D*?

5
E*?
images/spikeS1.png
E*?
images/spikeS2.png
E*?
images/spikeS3.png
E*?
images/spikeS4.png
E*?
images/spikeS5.png
E*?
images/spikeS6.png
E*?
images/spikeS7.png
E*?
images/spikeS8.png
E*?
images/spikeS9.png
D*?

5
E*?
images/spikedeadN.png
D*?

5
E*?
images/spikedeadNE.png
D*?

5
E*?
images/spikedeadE.png
D*?

5
E*?
images/spikedeadSE.png
D*?

5
E*?
images/spikedeadS.png
F*?
-994.6273536457002
-2146.839997631683
100
100
0
false
F*?
-1817.6273536457002
-1698.8399976316832
100
100
0
false
F*?
-2985.6273536457
-1977.8399976316832
100
100
0
false
F*?
-2316.6273536457
-2326.839997631683
100
100
0
false
F*?
-2937.6273536457
-3350.839997631683
100
100
0
false
F*?
-1364.6273536457002
-3255.839997631683
100
100
0
false
F*?
-2042.6273536457002
-3856.839997631683
100
100
0
false
C*?
goat
60
100
0
false
D*?

5
E*?
images/goatN1.png
E*?
images/goatN2.png
E*?
images/goatN3.png
E*?
images/goatN4.png
E*?
images/goatN5.png
E*?
images/goatN6.png
E*?
images/goatN7.png
E*?
images/goatN8.png
D*?

5
E*?
images/goatNE1.png
E*?
images/goatNE2.png
E*?
images/goatNE3.png
E*?
images/goatNE4.png
E*?
images/goatNE5.png
E*?
images/goatNE6.png
E*?
images/goatNE7.png
E*?
images/goatNE8.png
D*?

5
E*?
images/goatE1.png
E*?
images/goatE2.png
E*?
images/goatE3.png
E*?
images/goatE4.png
E*?
images/goatE5.png
E*?
images/goatE6.png
E*?
images/goatE7.png
E*?
images/goatE8.png
D*?

5
E*?
images/goatSE1.png
E*?
images/goatSE2.png
E*?
images/goatSE3.png
E*?
images/goatSE4.png
E*?
images/goatSE5.png
E*?
images/goatSE6.png
E*?
images/goatSE7.png
E*?
images/goatSE8.png
D*?

5
E*?
images/goatS1.png
E*?
images/goatS2.png
E*?
images/goatS3.png
E*?
images/goatS4.png
E*?
images/goatS5.png
E*?
images/goatS6.png
E*?
images/goatS7.png
E*?
images/goatS8.png
D*?

5
E*?
images/goatdead1.png
D*?

5
E*?
images/goatdead2.png
D*?

5
E*?
images/goatdead3.png
D*?

5
E*?
images/goatdead4.png
D*?

5
E*?
images/goatdead5.png
F*?
-3338.627353645701
-5023.839997631683
60
100
0
false
F*?
-3239.627353645701
-5025.839997631683
60
100
0
false
F*?
-3142.627353645701
-5026.839997631683
60
100
0
false
F*?
-2884.627353645701
-5026.839997631683
60
100
0
false
F*?
-3029.627353645701
-5036.839997631683
60
100
0
false
F*?
-2753.627353645701
-5002.839997631683
60
100
0
false
F*?
-2543.627353645701
-4976.839997631683
60
100
0
false
F*?
-2552.627353645701
-4764.839997631683
60
100
0
false
F*?
-5157.627353645701
-5335.839997631684
60
100
0
false
F*?
-4954.627353645701
-5301.839997631684
60
100
0
false
F*?
-4960.627353645701
-5544.839997631684
60
100
0
false
F*?
-5165.627353645701
-5524.839997631684
60
100
0
false
F*?
-4779.627353645701
-5397.839997631684
60
100
0
false
F*?
-4743.627353645701
-5361.839997631684
60
100
0
false
F*?
-5016.627353645701
-5677.839997631684
60
100
0
false
F*?
-4649.627353645701
-5650.839997631684
60
100
0
false
F*?
-4737.627353645701
-5531.839997631684
60
100
0
false
F*?
-4613.627353645701
-5475.839997631684
60
100
0
false
F*?
-4628.627353645701
-5356.839997631684
60
100
0
false
F*?
-4739.627353645701
-5197.839997631684
60
100
0
false
F*?
-4825.627353645701
-5752.839997631684
60
100
0
false
F*?
-4933.627353645701
-5982.839997631684
60
100
0
false
F*?
-5137.627353645701
-5807.839997631684
60
100
0
false
F*?
-4628.627353645701
-5938.839997631684
60
100
0
false
F*?
-1335.6273536457015
-4564.839997631683
60
100
0
false
F*?
-869.6273536457015
-4505.839997631683
60
100
0
false
F*?
-839.6273536457015
-4777.839997631683
60
100
0
false
F*?
-1248.6273536457015
-4528.839997631683
60
100
0
false
F*?
-1000.6273536457015
-4613.839997631683
60
100
0
false
F*?
-970.6273536457015
-4589.839997631683
60
100
0
false
F*?
-1019.6273536457015
-4733.839997631683
60
100
0
false
F*?
-749.6273536457015
-4581.839997631683
60
100
0
false
F*?
-691.6273536457015
-4523.839997631683
60
100
0
false
F*?
-1073.6273536457015
-4958.839997631683
60
100
0
false
F*?
-1331.6273536457015
-4716.839997631683
60
100
0
false
F*?
-983.6273536457015
-4964.839997631683
60
100
0
false
F*?
-1443.6273536457015
-6475.839997631683
60
100
0
false
F*?
-947.6273536457015
-6395.839997631683
60
100
0
false
F*?
-1327.6273536457015
-6578.839997631683
60
100
0
false
F*?
-1201.6273536457015
-6181.839997631683
60
100
0
false
F*?
-892.6273536457015
-6290.839997631683
60
100
0
false
F*?
-1193.6273536457015
-6334.839997631683
60
100
0
false
F*?
-1060.6273536457015
-6487.839997631683
60
100
0
false
F*?
-1081.6273536457015
-6633.839997631683
60
100
0
false
F*?
-816.6273536457015
-6470.839997631683
60
100
0
false
F*?
-739.6273536457015
-6311.839997631683
60
100
0
false
F*?
-1119.6273536457015
-5935.839997631683
60
100
0
false
F*?
-1077.6273536457015
-5891.839997631683
60
100
0
false
F*?
-954.6273536457015
-5976.839997631683
60
100
0
false
F*?
-910.6273536457015
-5934.839997631683
60
100
0
false
F*?
-3810.627353645701
-6202.839997631682
60
100
0
false
F*?
-4066.627353645701
-5792.839997631682
60
100
0
false
F*?
-3546.627353645701
-6187.839997631682
60
100
0
false
F*?
-4115.627353645701
-5687.839997631682
60
100
0
false
F*?
-4123.627353645701
-6045.839997631682
60
100
0
false
F*?
-3574.627353645701
-5798.839997631682
60
100
0
false
F*?
-3852.627353645701
-5778.839997631682
60
100
0
false
F*?
-3552.627353645701
-6042.839997631682
60
100
0
false
F*?
-3245.627353645701
-5965.839997631682
60
100
0
false
F*?
-3547.627353645701
-5905.839997631682
60
100
0
false
F*?
-3158.627353645701
-6162.839997631682
60
100
0
false
F*?
-3134.627353645701
-5869.839997631682
60
100
0
false
F*?
-2864.627353645701
-6082.839997631682
60
100
0
false
F*?
-2234.627353645701
-6187.839997631682
60
100
0
false
F*?
-1742.627353645701
-5865.839997631682
60
100
0
false
F*?
-1774.627353645701
-5684.839997631682
60
100
0
false
F*?
-2106.627353645701
-5707.839997631682
60
100
0
false
F*?
-2020.627353645701
-6055.839997631682
60
100
0
false
F*?
-1955.627353645701
-6141.839997631682
60
100
0
false
F*?
-1805.627353645701
-6079.839997631682
60
100
0
false
F*?
-1635.627353645701
-5933.839997631682
60
100
0
false
F*?
-1683.627353645701
-5663.839997631682
60
100
0
false
F*?
-1647.627353645701
-5629.839997631682
60
100
0
false
F*?
-2266.627353645701
-5882.839997631682
60
100
0
false
F*?
-1991.627353645701
-5792.839997631682
60
100
0
false
B*?
gold
false
100
true
false
true
C*?
gold
50
30
0
false
D*?

5
E*?
images/gold.png
C*?
potion1
10
20
0
false
D*?

5
E*?
images/potion1.png
B*?
solidobjects
false
100
true
false
false
C*?
wall1
100
100
-15
false
D*?

5
E*?
images/wall1.png
F*?
-530.0661868533073
1095.8880050043247
100
100
0
false
F*?
-427.0661868533073
1094.0418511581706
100
100
0
false
F*?
-324.0661868533073
1094.0418511581706
100
100
0
false
F*?
-221.06618685330727
1094.0418511581706
100
100
0
false
F*?
-118.06618685330727
1093.0418511581706
100
100
0
false
F*?
-15.066186853307272
1094.0418511581706
100
100
0
false
F*?
87.93381314669273
1098.0418511581706
100
100
0
false
F*?
190.93381314669273
1099.0418511581706
100
100
0
false
F*?
293.9338131466927
1100.0418511581706
100
100
0
false
F*?
396.9338131466927
1102.0418511581706
100
100
0
false
F*?
499.087659300538
1104.0418511581706
100
100
0
false
F*?
601.6261208389998
1105.0418511581706
100
100
0
false
F*?
704.1645823774616
1103.0418511581706
100
100
0
false
F*?
807.0876593005387
1105.0418511581706
100
100
0
false
F*?
909.7799669928465
1102.0418511581706
100
100
0
false
F*?
1012.4722746851542
1108.0418511581706
100
100
0
false
F*?
1114.7799669928465
1107.0418511581706
100
100
0
false
F*?
1217.4722746851542
1109.0418511581706
100
100
0
false
F*?
1320.164582377462
1111.0418511581706
100
100
0
false
F*?
1422.8568900697696
1114.0418511581706
100
100
0
false
F*?
1525.5491977620777
1119.0418511581706
100
100
0
false
F*?
1627.6261208390008
1119.0418511581706
100
100
0
false
F*?
1729.703043915924
1113.0418511581706
100
100
0
false
F*?
1831.7799669928472
1115.0418511581706
100
100
0
false
F*?
1934.6261208390008
1119.0418511581706
100
100
0
false
F*?
2037.0876593005387
1118.0418511581706
100
100
0
false
F*?
2139.1645823774616
1119.0418511581706
100
100
0
false
F*?
2241.2415054543844
1119.0418511581706
100
100
0
false
F*?
2343.318428531307
1120.0418511581706
100
100
0
false
F*?
-498.14310993023105
-115.5735334572139
100
100
0
false
F*?
-395.14310993023105
-116.5735334572139
100
100
0
false
F*?
-292.14310993023105
-116.5735334572139
100
100
0
false
F*?
-189.6046483917695
-116.5735334572139
100
100
0
false
F*?
-87.5277253148463
-116.5735334572139
100
100
0
false
F*?
14.549197762076915
-117.5735334572139
100
100
0
false
F*?
117.24150545438476
-113.5735334572139
100
100
0
false
F*?
219.70304391592333
-113.5735334572139
100
100
0
false
F*?
322.3953516082311
-116.5735334572139
100
100
0
false
F*?
425.0876593005388
-116.5735334572139
100
100
0
false
F*?
527.241505454385
-115.5735334572139
100
100
0
false
F*?
629.9338131466926
-110.5735334572139
100
100
0
false
F*?
732.6261208390004
-106.5735334572139
100
100
0
false
F*?
835.318428531308
-108.5735334572139
100
100
0
false
F*?
938.164582377462
-107.5735334572139
100
100
0
false
F*?
1040.8568900697696
-109.5735334572139
100
100
0
false
F*?
1142.933813146693
-110.5735334572139
100
100
0
false
F*?
1245.0107362236163
-110.5735334572139
100
100
0
false
F*?
1347.85689006977
-110.5735334572139
100
100
0
false
F*?
1450.3184285313087
-110.5735334572139
100
100
0
false
F*?
1901.3184285313087
-90.5735334572139
100
100
0
false
F*?
2004.3184285313087
-87.5735334572139
100
100
0
false
F*?
2107.3184285313087
-90.5735334572139
100
100
0
false
F*?
2209.779966992847
-90.5735334572139
100
100
0
false
F*?
2311.85689006977
-90.5735334572139
100
100
0
false
F*?
2339.1538461538457
-211.5384615384603
100
100
30
false
F*?
2250.1538461538457
-262.5384615384603
100
100
30
false
F*?
2163.1538461538457
-316.5384615384603
100
100
30
false
F*?
2074.1538461538457
-365.5384615384603
100
100
30
false
F*?
1984.1538461538457
-413.5384615384603
100
100
30
false
F*?
1896.153846153846
-466.5384615384603
100
100
30
false
F*?
1807.153846153846
-515.5384615384603
100
100
30
false
F*?
1721.153846153846
-572.5384615384603
100
100
30
false
F*?
1634.153846153846
-625.5384615384603
100
100
30
false
F*?
1546.153846153846
-677.5384615384603
100
100
30
false
F*?
1457.153846153846
-727.5384615384603
100
100
30
false
F*?
1368.153846153846
-779.5384615384603
100
100
30
false
F*?
1281.153846153846
-833.5384615384603
100
100
30
false
F*?
1196.3846153846155
-888.7692307692289
100
100
30
false
F*?
1106.3846153846155
-937.7692307692289
100
100
30
false
F*?
1017.3846153846155
-989.7692307692289
100
100
30
false
F*?
927.3846153846155
-1039.769230769229
100
100
30
false
F*?
837.3846153846155
-1089.769230769229
100
100
30
false
F*?
748.3846153846155
-1141.769230769229
100
100
30
false
F*?
659.3846153846155
-1193.769230769229
100
100
30
false
F*?
570.3846153846162
-1242.6923076923051
100
100
30
false
F*?
483.38461538461615
-1294.6923076923051
100
100
30
false
F*?
392.92307692307895
-1342.1538461538446
100
100
30
false
F*?
305.92307692307895
-1394.0769230769208
100
100
30
false
F*?
215.92307692307895
-1443.0769230769208
100
100
30
false
F*?
126.92307692307895
-1492.0769230769208
100
100
30
false
F*?
36.92307692307895
-1538.7692307692282
100
100
30
false
F*?
-52.07692307692105
-1589.1538461538448
100
100
30
false
F*?
-141.07692307692105
-1639.7692307692305
100
100
30
false
F*?
-232.07692307692105
-1687.923076923078
100
100
30
false
F*?
-323.07692307692105
-1736.0000000000018
100
100
30
false
F*?
-410.69230769230535
-1786.7692307692284
100
100
30
false
F*?
-501.3846153846148
-1835.7692307692284
100
100
30
false
F*?
-631.6273536457002
-1334.8399976316841
100
100
0
false
F*?
-736.6273536457002
-1334.8399976316841
100
100
0
false
F*?
-841.6273536457002
-1333.8399976316841
100
100
0
false
F*?
-946.6273536457002
-1332.8399976316841
100
100
0
false
F*?
-1051.6273536457002
-1333.8399976316841
100
100
0
false
F*?
-1152.6273536457002
-1334.8399976316841
100
100
0
false
F*?
-1257.6273536457002
-1335.8399976316841
100
100
0
false
F*?
-1362.6273536457002
-1336.8399976316841
100
100
0
false
F*?
-1467.6273536457002
-1339.8399976316841
100
100
0
false
F*?
-1572.6273536457002
-1340.8399976316841
100
100
0
false
F*?
-1677.6273536457002
-1338.8399976316841
100
100
0
false
F*?
-1781.6273536457006
-1343.8399976316841
100
100
0
false
F*?
-1886.6273536457002
-1347.8399976316841
100
100
0
false
F*?
-1991.6273536457002
-1346.8399976316841
100
100
0
false
F*?
-2096.6273536457
-1344.8399976316841
100
100
0
false
F*?
-2200.6273536457006
-1349.8399976316841
100
100
0
false
F*?
-2305.6273536457
-1346.8399976316841
100
100
0
false
F*?
-2410.6273536457
-1342.8399976316841
100
100
0
false
F*?
-2515.6273536457
-1341.8399976316841
100
100
0
false
F*?
-2620.6273536457
-1338.8399976316841
100
100
0
false
F*?
-2725.6273536457
-1342.8399976316841
100
100
0
false
F*?
-2830.6273536457
-1342.8399976316841
100
100
0
false
F*?
-2934.6273536457006
-1343.8399976316841
100
100
0
false
F*?
-3039.6273536457
-1346.8399976316841
100
100
0
false
F*?
-3144.6273536457
-1348.8399976316841
100
100
0
false
F*?
-3249.6273536457
-1350.8399976316841
100
100
0
false
F*?
-3354.6273536457
-1350.8399976316841
100
100
0
false
F*?
-3459.6273536457
-1350.8399976316841
100
100
0
false
F*?
-601.6273536457002
-4290.839997631684
100
100
0
false
F*?
-706.6273536456997
-4288.839997631684
100
100
0
false
F*?
-810.6273536457002
-4291.839997631684
100
100
0
false
F*?
-913.6273536457002
-4293.839997631684
100
100
0
false
F*?
-1018.6273536457002
-4291.839997631684
100
100
0
false
F*?
-1123.6273536457002
-4291.839997631684
100
100
0
false
F*?
-1228.6273536457002
-4291.839997631684
100
100
0
false
F*?
-1333.6273536457002
-4292.839997631684
100
100
0
false
F*?
-1436.6273536457002
-4293.839997631684
100
100
0
false
F*?
-1541.6273536457002
-4294.839997631684
100
100
0
false
F*?
-1646.6273536457002
-4293.839997631684
100
100
0
false
F*?
-1751.6273536457002
-4291.839997631684
100
100
0
false
F*?
-1867.6273536457006
-4306.839997631684
100
100
15
false
F*?
-1967.6273536457006
-4335.839997631684
100
100
15
false
F*?
-2068.6273536457006
-4362.839997631684
100
100
15
false
F*?
-2167.6273536457
-4388.839997631684
100
100
15
false
F*?
-2268.6273536457
-4414.839997631684
100
100
15
false
F*?
-2368.6273536457
-4443.839997631684
100
100
15
false
F*?
-2469.6273536457
-4471.839997631684
100
100
15
false
F*?
-2569.6273536457
-4496.839997631684
100
100
15
false
F*?
-2670.6273536457
-4523.839997631684
100
100
15
false
F*?
-2770.6273536457
-4552.839997631684
100
100
15
false
F*?
-3417.6273536457
-4415.839997631684
100
100
-15
false
F*?
-3315.6273536457
-4439.839997631684
100
100
-15
false
F*?
-3213.6273536457
-4465.839997631684
100
100
-15
false
F*?
-3567.6273536457
-5005.839997631683
100
100
0
false
F*?
-3672.6273536457
-5004.839997631683
100
100
0
false
F*?
-3777.6273536457
-5003.839997631683
100
100
0
false
F*?
-3882.6273536457
-5002.839997631683
100
100
0
false
F*?
-3987.6273536457
-5003.839997631683
100
100
0
false
F*?
-4092.6273536457
-5007.839997631683
100
100
0
false
F*?
-4197.6273536457
-5007.839997631683
100
100
0
false
F*?
-4302.6273536457
-5006.839997631683
100
100
0
false
F*?
-4407.6273536457
-5005.839997631683
100
100
0
false
F*?
-4512.6273536457
-5002.839997631683
100
100
0
false
F*?
-4617.6273536457
-5001.839997631683
100
100
0
false
F*?
-4722.6273536457
-5001.839997631683
100
100
0
false
F*?
-4827.627353645699
-5003.839997631683
100
100
0
false
F*?
-4931.6273536457
-5002.839997631683
100
100
0
false
F*?
-5036.6273536457
-4998.839997631683
100
100
0
false
F*?
-5140.627353645701
-4999.839997631683
100
100
0
false
F*?
-5245.6273536457
-5002.839997631683
100
100
0
false
F*?
-5350.627353645699
-5004.839997631683
100
100
0
false
F*?
-5455.627353645699
-5005.839997631683
100
100
0
false
F*?
-5426.6273536457
-6529.839997631683
100
100
0
false
F*?
-5321.6273536457
-6532.839997631683
100
100
0
false
F*?
-5220.6273536457
-6531.839997631683
100
100
0
false
F*?
-5115.6273536457
-6531.839997631683
100
100
0
false
F*?
-5010.6273536457
-6531.839997631683
100
100
0
false
F*?
-4907.6273536457
-6531.839997631683
100
100
0
false
F*?
-4804.6273536457
-6531.839997631683
100
100
0
false
F*?
-4701.6273536457
-6531.839997631683
100
100
0
false
F*?
-4596.6273536457
-6531.839997631683
100
100
0
false
F*?
-4493.6273536457
-6531.839997631683
100
100
0
false
F*?
-4390.6273536457
-6531.839997631683
100
100
0
false
F*?
-4287.6273536457
-6531.839997631683
100
100
0
false
F*?
-4184.6273536457
-6531.839997631683
100
100
0
false
F*?
-4081.6273536457
-6531.839997631683
100
100
0
false
F*?
-3978.6273536457
-6531.839997631683
100
100
0
false
F*?
-3874.6273536457
-6531.839997631683
100
100
0
false
F*?
-3769.6273536457
-6531.839997631683
100
100
0
false
F*?
-3664.6273536457
-6531.839997631683
100
100
0
false
F*?
-3559.6273536457
-6531.839997631683
100
100
0
false
F*?
-3456.6273536457006
-6531.839997631683
100
100
0
false
F*?
-3352.6273536457
-6531.839997631683
100
100
0
false
F*?
-3248.6273536456997
-6531.839997631683
100
100
0
false
F*?
-3143.6273536457006
-6531.839997631683
100
100
0
false
F*?
-3041.6273536457
-6531.839997631683
100
100
0
false
F*?
-2938.6273536457
-6531.839997631683
100
100
0
false
F*?
-2834.6273536457
-6531.839997631683
100
100
0
false
F*?
-2729.6273536457
-6531.839997631683
100
100
0
false
F*?
-2624.6273536457
-6531.839997631683
100
100
0
false
F*?
-2519.6273536457
-6531.839997631683
100
100
0
false
F*?
-2405.6273536457
-6553.839997631682
100
100
-15
false
F*?
-2305.6273536456997
-6582.839997631682
100
100
-15
false
F*?
-2204.6273536456997
-6609.839997631682
100
100
-15
false
F*?
-2103.6273536456997
-6636.839997631682
100
100
-15
false
F*?
-2006.6273536456997
-6664.839997631682
100
100
-15
false
F*?
-1905.6273536456997
-6689.839997631682
100
100
-15
false
F*?
-1804.6273536456997
-6716.839997631682
100
100
-15
false
F*?
-1704.6273536456997
-6746.839997631682
100
100
-15
false
F*?
-1604.6273536456997
-6776.839997631682
100
100
-15
false
F*?
-1504.6273536456997
-6806.839997631682
100
100
-15
false
F*?
-1402.6273536456997
-6828.839997631682
100
100
-15
false
F*?
-1301.6273536456997
-6855.839997631682
100
100
-15
false
F*?
-1200.6273536456997
-6882.839997631682
100
100
-15
false
F*?
-1104.6273536456997
-6915.839997631682
100
100
-15
false
F*?
-1006.6273536456997
-6946.839997631682
100
100
-15
false
F*?
-905.6273536456997
-6974.839997631682
100
100
-15
false
C*?
wall2
30
300
0
false
D*?

5
E*?
images/wall2.png
F*?
-531.143109930231
793.0418511581707
30
300
0
false
F*?
-532.143109930231
490.04185115817074
30
300
0
false
F*?
-531.143109930231
187.04185115817074
30
300
0
false
F*?
-531.143109930231
-115.95814884182926
30
300
0
false
F*?
2414.010736223615
817.27262038894
30
300
0
false
F*?
2413.779966992847
514.349543465863
30
300
0
false
F*?
2415.779966992847
211.349543465863
30
300
0
false
F*?
2414.779966992847
-91.65045653413694
30
300
0
false
F*?
-528.3846153846148
-418.8461538461527
30
300
0
false
F*?
-528.3846153846148
-721.8461538461527
30
300
0
false
F*?
-526.3846153846148
-1024.6923076923063
30
300
0
false
F*?
-527.3846153846148
-1327.0769230769213
30
300
0
false
F*?
-495.62735364570017
-2158.839997631684
30
300
0
false
F*?
-494.62735364570017
-2463.839997631684
30
300
0
false
F*?
-495.62735364570017
-2765.839997631684
30
300
0
false
F*?
-496.62735364570017
-3069.8399976316846
30
300
0
false
F*?
-496.62735364570017
-3374.839997631684
30
300
0
false
F*?
-497.62735364570017
-3679.839997631684
30
300
0
false
F*?
-496.62735364570017
-3984.839997631684
30
300
0
false
F*?
-496.62735364570017
-4289.839997631684
30
300
0
false
F*?
-3458.6273536457
-1655.8399976316841
30
300
0
false
F*?
-3459.6273536457
-1960.8399976316841
30
300
0
false
F*?
-3459.6273536457
-2265.839997631684
30
300
0
false
F*?
-3458.6273536457
-2569.8399976316846
30
300
0
false
F*?
-3458.6273536457
-2874.8399976316846
30
300
0
false
F*?
-3457.6273536457
-3179.839997631684
30
300
0
false
F*?
-3458.6273536457
-3480.839997631684
30
300
0
false
F*?
-3458.6273536457
-3783.839997631684
30
300
0
false
F*?
-3458.6273536457
-4088.839997631684
30
300
0
false
F*?
-3458.6273536457
-4393.839997631684
30
300
0
false
F*?
-3461.6273536457
-4698.839997631683
30
300
0
false
F*?
-3462.6273536457
-5003.839997631683
30
300
0
false
F*?
-497.62735364570017
-4594.839997631683
30
300
0
false
F*?
-496.62735364570017
-4899.839997631683
30
300
0
false
F*?
-5458.627353645699
-5310.839997631683
30
300
0
false
F*?
-5456.627353645699
-5615.839997631683
30
300
0
false
F*?
-5456.627353645699
-5920.839997631683
30
300
0
false
F*?
-5458.6273536457
-6225.839997631683
30
300
0
false
F*?
-5461.6273536457
-6529.839997631683
30
300
0
false
F*?
-495.62735364570017
-5204.839997631683
30
300
0
false
F*?
-495.62735364570017
-5509.839997631683
30
300
0
false
F*?
-498.62735364570017
-5814.839997631683
30
300
0
false
F*?
-497.62735364570017
-6119.839997631683
30
300
0
false
F*?
-497.62735364570017
-6424.839997631683
30
300
0
false
F*?
-496.62735364570017
-6729.839997631683
30
300
0
false
B*?
button
false
0
false
false
false
C*?
button
125
125
0
false
D*?

5
E*?
images/AButton.png
D*?

5
E*?
images/BButton.png
F*?
650.9615384615385
1374.0384615384614
125
125
0
false
F*?
813.5
1516.5
125
125
0
false
C*?
health
50
150
0
false
D*?

5
E*?
images/heath.png
F*?
541.6666666666667
1039.5833333333335
50
150
0
false
B*?
hero
false
100
true
false
false
C*?
hero
150
150
0
false
D*?

NaN
E*?
images/StandN1.png
D*?

NaN
E*?
images/StandNE1.png
D*?

NaN
E*?
images/StandE1.png
D*?

NaN
E*?
images/StandSE1.png
D*?

NaN
E*?
images/StandS1.png
D*?

NaN
E*?
images/StandSW1.png
D*?

NaN
E*?
images/StandW1.png
D*?

NaN
E*?
images/StandNW1.png
D*?

5
E*?
images/WalkN1.png
E*?
images/WalkN2.png
E*?
images/WalkN3.png
E*?
images/WalkN4.png
E*?
images/WalkN5.png
E*?
images/WalkN6.png
E*?
images/WalkN7.png
E*?
images/WalkN8.png
D*?

5
E*?
images/WalkNE1.png
E*?
images/WalkNE2.png
E*?
images/WalkNE3.png
E*?
images/WalkNE4.png
E*?
images/WalkNE5.png
E*?
images/WalkNE6.png
E*?
images/WalkNE7.png
E*?
images/WalkNE8.png
D*?

5
E*?
images/WalkE1.png
E*?
images/WalkE2.png
E*?
images/WalkE3.png
E*?
images/WalkE4.png
E*?
images/WalkE5.png
E*?
images/WalkE6.png
E*?
images/WalkE7.png
E*?
images/WalkE8.png
D*?

5
E*?
images/WalkSE1.png
E*?
images/WalkSE2.png
E*?
images/WalkSE3.png
E*?
images/WalkSE4.png
E*?
images/WalkSE5.png
E*?
images/WalkSE6.png
E*?
images/WalkSE7.png
E*?
images/WalkSE8.png
D*?

5
E*?
images/WalkS1.png
E*?
images/WalkS2.png
E*?
images/WalkS3.png
E*?
images/WalkS4.png
E*?
images/WalkS5.png
E*?
images/WalkS6.png
E*?
images/WalkS7.png
E*?
images/WalkS8.png
D*?

5
E*?
images/WalkSW1.png
E*?
images/WalkSW2.png
E*?
images/WalkSW3.png
E*?
images/WalkSW4.png
E*?
images/WalkSW5.png
E*?
images/WalkSW6.png
E*?
images/WalkSW7.png
E*?
images/WalkSW8.png
D*?

5
E*?
images/WalkW1.png
E*?
images/WalkW2.png
E*?
images/WalkW3.png
E*?
images/WalkW4.png
E*?
images/WalkW5.png
E*?
images/WalkW6.png
E*?
images/WalkW7.png
E*?
images/WalkW8.png
D*?

5
E*?
images/WalkNW1.png
E*?
images/WalkNW2.png
E*?
images/WalkNW3.png
E*?
images/WalkNW4.png
E*?
images/WalkNW5.png
E*?
images/WalkNW6.png
E*?
images/WalkNW7.png
E*?
images/WalkNW8.png
D*?

5
E*?
images/AttackN1.png
E*?
images/AttackN2.png
E*?
images/AttackN3.png
E*?
images/AttackN4.png
E*?
images/AttackN5.png
E*?
images/AttackN6.png
E*?
images/AttackN7.png
E*?
images/AttackN8.png
E*?
images/AttackN9.png
E*?
images/AttackN10.png
E*?
images/AttackN11.png
E*?
images/AttackN12.png
E*?
images/AttackN13.png
E*?
images/AttackN14.png
E*?
images/AttackN15.png
E*?
images/AttackN16.png
D*?

5
E*?
images/AttackNE1.png
E*?
images/AttackNE2.png
E*?
images/AttackNE3.png
E*?
images/AttackNE4.png
E*?
images/AttackNE5.png
E*?
images/AttackNE6.png
E*?
images/AttackNE7.png
E*?
images/AttackNE8.png
E*?
images/AttackNE9.png
E*?
images/AttackNE10.png
E*?
images/AttackNE11.png
E*?
images/AttackNE12.png
E*?
images/AttackNE13.png
E*?
images/AttackNE14.png
E*?
images/AttackNE15.png
E*?
images/AttackNE16.png
D*?

5
E*?
images/AttackE1.png
E*?
images/AttackE2.png
E*?
images/AttackE3.png
E*?
images/AttackE4.png
E*?
images/AttackE5.png
E*?
images/AttackE6.png
E*?
images/AttackE7.png
E*?
images/AttackE8.png
E*?
images/AttackE9.png
E*?
images/AttackE10.png
E*?
images/AttackE11.png
E*?
images/AttackE12.png
E*?
images/AttackE13.png
E*?
images/AttackE14.png
E*?
images/AttackE15.png
E*?
images/AttackE16.png
D*?

5
E*?
images/AttackSE1.png
E*?
images/AttackSE2.png
E*?
images/AttackSE3.png
E*?
images/AttackSE4.png
E*?
images/AttackSE5.png
E*?
images/AttackSE6.png
E*?
images/AttackSE7.png
E*?
images/AttackSE8.png
E*?
images/AttackSE9.png
E*?
images/AttackSE10.png
E*?
images/AttackSE11.png
E*?
images/AttackSE12.png
E*?
images/AttackSE13.png
E*?
images/AttackSE14.png
E*?
images/AttackSE15.png
E*?
images/AttackSE16.png
D*?

5
E*?
images/AttackS1.png
E*?
images/AttackS2.png
E*?
images/AttackS3.png
E*?
images/AttackS4.png
E*?
images/AttackS5.png
E*?
images/AttackS6.png
E*?
images/AttackS7.png
E*?
images/AttackS8.png
E*?
images/AttackS9.png
E*?
images/AttackS10.png
E*?
images/AttackS11.png
E*?
images/AttackS12.png
E*?
images/AttackS13.png
E*?
images/AttackS14.png
E*?
images/AttackS15.png
E*?
images/AttackS16.png
D*?

5
E*?
images/AttackSW1.png
E*?
images/AttackSW2.png
E*?
images/AttackSW3.png
E*?
images/AttackSW4.png
E*?
images/AttackSW5.png
E*?
images/AttackSW6.png
E*?
images/AttackSW7.png
E*?
images/AttackSW8.png
E*?
images/AttackSW9.png
E*?
images/AttackSW10.png
E*?
images/AttackSW11.png
E*?
images/AttackSW12.png
E*?
images/AttackSW13.png
E*?
images/AttackSW14.png
E*?
images/AttackSW15.png
E*?
images/AttackSW16.png
D*?

5
E*?
images/AttackW1.png
E*?
images/AttackW2.png
E*?
images/AttackW3.png
E*?
images/AttackW4.png
E*?
images/AttackW5.png
E*?
images/AttackW6.png
E*?
images/AttackW7.png
E*?
images/AttackW8.png
E*?
images/AttackW9.png
E*?
images/AttackW10.png
E*?
images/AttackW11.png
E*?
images/AttackW12.png
E*?
images/AttackW13.png
E*?
images/AttackW14.png
E*?
images/AttackW15.png
E*?
images/AttackW16.png
D*?

5
E*?
images/AttackNW1.png
E*?
images/AttackNW2.png
E*?
images/AttackNW3.png
E*?
images/AttackNW4.png
E*?
images/AttackNW5.png
E*?
images/AttackNW6.png
E*?
images/AttackNW7.png
E*?
images/AttackNW8.png
E*?
images/AttackNW9.png
E*?
images/AttackNW10.png
E*?
images/AttackNW11.png
E*?
images/AttackNW12.png
E*?
images/AttackNW13.png
E*?
images/AttackNW14.png
E*?
images/AttackNW15.png
E*?
images/AttackNW16.png
D*?

5
E*?
images/dead.png
F*?
-67.6273536457
203.16000236831604
150
150
0
false
B*?
projectiles
false
100
true
false
true
C*?
nedle
5
40
0
false
D*?

5
E*?
images/nedle.png
C*?
fire
100
100
0
false
D*?

5
E*?
images/fire1.png
E*?
images/fire2.png
E*?
images/fire3.png
E*?
images/fire4.png
E*?
images/fire5.png
Q*?
